4539
19 633,85 -556,00
38 981,36 -618,00
14 465,23 -203,00
10 206,50 -58,00
25 623,37 -357,00
22 501,01 -206,00
23 548,98 -208,00
40 803,70 -367,00
10 255,82 -205,00
10 254,79 -107,00
13 374,79 -150,00
4 90,86 -103,00
6 54,03 -3,00
12 301,69 -256,00
18 434,89 -157,00
7 237,08 -55,00
11 128,64 -156,00
29 723,70 -214,00
24 326,01 -303,00
46 922,37 -229,00
22 451,66 -256,00
7 232,39 -55,00
16 401,30 -260,00
8 88,64 -8,00
23 599,86 -366,00
13 226,50 -55,00
14 194,90 -161,00
5 170,64 -4,00
14 367,85 -101,00
8 104,42 -155,00
14 385,53 -308,00
9 276,99 -108,00
21 514,94 -301,00
15 504,44 -353,00
47 1274,98 -313,00
9 260,17 -55,00
8 161,49 -154,00
7 240,71 -4,00
20 386,01 -196,00
11 243,30 -155,00
13 262,64 -152,00
12 280,08 -109,00
13 252,87 -104,00
12 264,73 -105,00
48 1514,03 -1053,00
19 428,76 -101,00
9 192,22 -105,00
23 565,62 -261,00
6 120,31 -105,00
20 527,81 -157,00
16 410,43 -310,00
19 626,60 -360,00
11 310,70 -200,00
11 369,17 -49,00
24 732,51 -507,00
5 53,54 -4,00
18 444,06 -206,00
26 374,15 -102,00
18 251,23 -18,00
6 218,28 -103,00
10 447,15 -4,00
9 185,18 -8,00
19 575,28 -402,00
29 911,09 -664,00
10 62,72 -10,00
16 563,81 -454,00
18 510,87 -361,00
8 164,29 -106,00
20 432,49 -208,00
22 588,29 -153,00
47 1486,87 -324,00
36 806,07 -305,00
17 308,53 -158,00
26 363,39 -207,00
11 257,43 -156,00
16 532,44 -304,00
9 545,11 -98,00
56 1904,18 -1468,00
43 1053,33 -613,00
14 275,71 -105,00
11 85,82 -56,00
11 189,01 -9,00
14 257,53 -250,00
54 1488,29 -875,00
16 235,04 -154,00
25 396,89 -209,00
15 376,81 -52,00
48 989,40 -321,00
12 250,68 -156,00
15 356,58 -357,00
7 220,90 -203,00
22 359,27 -109,00
13 410,06 -253,00
13 467,95 -354,00
14 289,23 -54,00
16 322,32 -107,00
6 133,67 -105,00
23 526,69 -211,00
7 185,30 -5,00
11 321,38 -306,00
9 385,25 -108,00
22 470,46 -307,00
23 596,55 -165,00
14 204,48 -8,00
35 735,73 -267,00
11 244,44 -58,00
39 1047,71 -565,00
28 797,50 -258,00
24 499,55 -313,00
15 388,77 -157,00
15 282,04 -208,00
14 471,85 -307,00
27 525,38 -453,00
48 1203,50 -552,00
37 669,86 -114,00
5 108,08 -104,00
11 328,48 -109,00
12 469,34 -307,00
45 1185,11 -1002,00
6 182,33 -4,00
20 601,34 -354,00
17 313,24 -55,00
16 317,04 -154,00
13 314,85 -111,00
10 227,31 -107,00
21 571,80 -298,00
17 208,03 -107,00
23 436,59 -170,00
11 253,76 -6,00
24 503,37 -111,00
12 442,40 -159,00
9 212,70 -107,00
8 426,98 -155,00
9 394,74 -157,00
4 210,61 -103,00
21 590,18 -511,00
24 354,60 -165,00
7 128,21 -105,00
20 723,26 -456,00
7 312,52 -106,00
14 486,62 -108,00
15 407,67 -359,00
9 102,03 -108,00
12 248,96 -257,00
20 457,99 -261,00
17 204,54 -160,00
15 427,21 -309,00
18 300,01 -261,00
13 326,82 -357,00
7 239,66 -155,00
12 253,13 -5,00
23 454,76 -109,00
9 278,19 -107,00
49 1045,66 -810,00
14 373,30 -309,00
28 628,21 -262,00
45 768,72 -303,00
19 493,70 -362,00
26 770,34 -664,00
9 419,12 -108,00
7 265,73 -204,00
25 473,39 -407,00
88 1978,45 -951,00
16 383,01 -360,00
17 501,92 -408,00
11 318,37 -153,00
41 961,95 -365,00
8 63,33 -8,00
6 65,39 -203,00
40 914,09 -407,00
15 286,58 -10,00
21 294,30 -65,00
13 239,45 -110,00
8 103,28 -106,00
17 561,97 -116,00
5 47,16 -104,00
7 33,92 -106,00
6 256,50 -105,00
18 378,78 -203,00
19 519,84 -160,00
7 158,19 -105,00
4 56,89 -103,00
18 173,45 -116,00
7 203,82 -204,00
31 416,70 -59,00
12 394,55 -108,00
15 413,86 -260,00
34 943,89 -467,00
8 121,37 -107,00
68 1503,87 -774,00
23 634,19 -416,00
17 460,61 -116,00
13 462,87 -108,00
16 493,36 -164,00
10 312,63 -256,00
25 453,33 -117,00
10 296,67 -207,00
6 151,91 -105,00
6 115,87 -103,00
11 187,25 -157,00
7 376,11 -106,00
8 250,96 -154,00
20 343,65 -262,00
26 623,73 -411,00
30 1011,72 -345,00
18 398,27 -156,00
23 386,57 -162,00
38 799,14 -224,00
9 371,03 -157,00
10 291,16 -204,00
34 781,31 -162,00
13 248,81 -307,00
10 194,37 -207,00
11 123,29 -159,00
9 149,84 -108,00
8 389,80 -156,00
13 389,47 -160,00
13 297,41 -58,00
42 800,05 -511,00
10 162,36 -8,00
29 720,03 -314,00
26 696,97 -65,00
11 381,24 -54,00
24 345,38 -216,00
9 179,60 -108,00
14 237,42 -8,00
17 644,66 -207,00
19 415,22 -8,00
17 322,46 -198,00
17 446,74 -355,00
7 404,93 -104,00
17 463,28 -3,00
11 181,18 -106,00
17 494,15 -311,00
23 722,35 -208,00
27 514,06 -260,00
22 546,61 -304,00
15 506,26 -158,00
35 548,09 -212,00
34 703,25 -716,00
25 694,43 -313,00
27 533,07 -209,00
8 175,30 -205,00
14 495,07 -257,00
17 372,61 -164,00
33 912,97 -255,00
12 369,17 -306,00
14 324,47 -255,00
18 372,10 -303,00
59 1978,75 -830,00
16 264,56 -305,00
11 383,18 -7,00
22 279,63 -160,00
21 716,52 -414,00
31 700,38 -366,00
24 571,14 -409,00
5 103,11 -104,00
11 180,83 -305,00
35 780,32 -104,00
6 76,55 -105,00
16 335,07 -59,00
20 269,49 -56,00
13 237,86 -258,00
7 88,81 -5,00
20 748,43 -257,00
29 441,08 -52,00
40 972,17 -573,00
19 370,99 -55,00
26 398,47 -160,00
11 366,62 -306,00
33 779,92 -662,00
15 371,78 -309,00
21 648,20 -163,00
27 752,34 -202,00
24 500,01 -108,00
24 527,95 -364,00
9 502,28 -58,00
11 308,36 -10,00
9 215,19 -157,00
20 600,55 -310,00
15 323,45 -256,00
19 447,55 -259,00
32 786,32 -510,00
17 365,17 -60,00
9 201,72 -255,00
16 409,88 -114,00
9 298,78 -253,00
12 208,97 -58,00
19 260,87 -113,00
23 556,20 -252,00
19 317,74 -251,00
33 934,02 -752,00
13 334,66 -208,00
21 314,99 -8,00
32 506,86 -304,00
9 194,68 -105,00
12 322,57 -4,00
13 511,57 -205,00
24 616,69 -263,00
17 610,38 -508,00
16 426,47 -354,00
11 280,93 -159,00
5 104,01 -5,00
6 170,42 -154,00
8 208,52 -205,00
8 154,21 -205,00
5 28,17 -5,00
6 85,82 -105,00
19 502,23 -259,00
9 326,90 -108,00
22 327,32 -162,00
10 141,55 -58,00
22 688,74 -315,00
16 362,38 -305,00
9 176,44 -157,00
23 622,20 -311,00
24 625,70 -407,00
32 888,47 -768,00
8 96,85 -106,00
13 537,84 -352,00
11 539,70 -152,00
32 542,49 -166,00
20 368,17 -210,00
14 555,38 -153,00
31 826,75 -463,00
8 45,66 -56,00
30 534,59 -162,00
5 161,43 -104,00
14 372,46 -456,00
18 557,60 -454,00
9 343,54 -255,00
23 406,47 -356,00
24 548,31 -310,00
6 176,23 -203,00
4 147,09 -103,00
6 146,83 -105,00
17 338,84 -503,00
16 409,54 -109,00
29 827,89 -504,00
27 683,34 -511,00
8 186,13 -107,00
15 452,65 -112,00
23 676,26 -415,00
28 622,84 -313,00
17 170,30 -10,00
34 740,76 -269,00
14 806,61 -157,00
23 373,96 -64,00
44 832,82 -517,00
9 87,31 -108,00
22 485,53 -308,00
34 860,14 -659,00
20 493,59 -265,00
26 559,22 -362,00
22 676,16 -302,00
7 324,10 -204,00
7 221,83 -253,00
3 86,16 -102,00
19 356,51 -358,00
20 592,27 -261,00
17 223,58 -107,00
12 329,51 -306,00
18 599,85 -104,00
16 351,71 -9,00
16 471,35 -8,00
18 623,30 -307,00
14 373,35 -203,00
10 240,29 -152,00
32 654,22 -466,00
15 318,34 -260,00
39 1284,96 -866,00
23 432,22 -307,00
11 270,41 -159,00
16 388,45 -205,00
23 435,87 -409,00
32 981,22 -518,00
10 155,32 -158,00
36 1038,49 -612,00
21 565,64 -406,00
31 709,34 -417,00
10 177,65 -158,00
17 379,03 -156,00
14 417,27 -156,00
16 415,48 -306,00
23 299,34 -116,00
7 217,30 -253,00
7 122,57 -155,00
8 169,66 -156,00
30 545,92 -214,00
7 191,43 -155,00
18 500,03 -263,00
23 382,56 -367,00
16 380,63 -409,00
10 257,21 -158,00
17 236,70 -111,00
12 320,99 -307,00
26 464,44 -308,00
18 424,42 -204,00
12 389,31 -255,00
48 1336,90 -714,00
5 131,28 -5,00
9 216,95 -108,00
57 1105,57 -462,00
20 427,47 -359,00
29 1360,68 -667,00
6 237,85 -6,00
7 216,35 -204,00
6 327,55 -105,00
45 738,74 -722,00
12 369,73 -400,00
7 281,67 -56,00
15 218,09 -255,00
9 235,94 -157,00
33 760,94 -461,00
11 378,38 -109,00
19 507,03 -411,00
10 208,39 -158,00
23 502,98 -163,00
17 598,24 -361,00
6 106,26 -105,00
10 184,43 -109,00
10 301,85 -158,00
6 107,02 -55,00
9 187,51 -206,00
13 425,24 -259,00
8 195,56 -156,00
6 240,99 -203,00
6 161,53 -6,00
18 728,65 -460,00
7 161,88 -7,00
8 257,78 -57,00
13 219,77 -152,00
75 1439,90 -610,00
7 133,09 -204,00
7 256,95 -155,00
17 543,24 -312,00
9 323,23 -206,00
7 274,18 -56,00
16 433,00 -353,00
29 636,20 -167,00
19 419,42 -210,00
15 421,32 -113,00
19 699,08 -461,00
52 1072,90 -531,00
11 280,37 -159,00
10 386,62 -59,00
19 678,74 -265,00
11 411,69 -257,00
13 507,18 -111,00
6 202,49 -105,00
23 587,46 -158,00
8 197,15 -254,00
8 343,42 -156,00
7 302,86 -106,00
7 287,68 -56,00
17 479,51 -498,00
22 628,08 -359,00
21 940,04 -512,00
9 398,10 -157,00
18 566,99 -257,00
9 135,13 -9,00
40 815,59 -403,00
6 256,38 -55,00
11 283,15 -203,00
11 318,10 -208,00
18 434,93 -312,00
45 1320,03 -620,00
8 149,49 -156,00
25 1338,78 -565,00
11 298,83 -256,00
9 293,50 -108,00
10 385,09 -59,00
7 322,36 -155,00
24 768,06 -106,00
17 610,82 -206,00
17 519,48 -260,00
16 425,39 -262,00
7 315,96 -155,00
34 662,96 -466,00
17 232,90 -214,00
11 432,34 -257,00
6 266,16 -105,00
9 450,11 -108,00
32 1150,06 -816,00
7 244,61 -106,00
14 278,75 -112,00
35 703,36 -12,00
12 709,73 -258,00
7 125,86 -155,00
10 180,47 -108,00
39 1028,36 -509,00
9 446,31 -304,00
7 391,86 -106,00
13 394,47 -352,00
50 1282,62 -526,00
28 740,13 -256,00
19 479,58 -504,00
16 610,79 -261,00
24 670,02 -417,00
23 743,36 -404,00
12 567,69 -397,00
9 410,89 -152,00
28 888,62 -455,00
35 593,35 -351,00
10 314,84 -151,00
20 613,68 -302,00
40 1023,59 -505,00
10 238,30 -102,00
14 378,01 -98,00
17 732,80 -404,00
14 306,20 -98,00
11 330,94 -300,00
26 568,79 -58,00
38 871,20 -410,00
20 552,51 -300,00
17 412,42 -255,00
9 444,04 -152,00
41 845,96 -665,00
20 604,63 -201,00
13 548,35 -155,00
8 133,25 -51,00
43 1043,90 -760,00
13 442,48 -303,00
24 329,23 -114,00
15 417,88 -203,00
10 191,38 -252,00
15 309,67 -201,00
51 960,56 -309,00
33 657,20 -217,00
10 350,12 -104,00
8 219,23 -4,00
5 65,50 -1,00
6 410,94 -200,00
16 184,39 -100,00
25 854,82 -310,00
6 402,00 -151,00
24 533,29 -159,00
42 822,67 -270,00
11 390,06 -247,00
19 540,42 -203,00
16 368,97 -349,00
47 1659,32 -755,00
13 524,02 -104,00
31 651,19 -502,00
13 258,29 -154,00
11 248,87 -201,00
17 347,46 -101,00
19 525,46 -253,00
20 219,01 -51,00
8 403,95 -102,00
16 862,29 -301,00
39 1048,30 -314,00
28 695,15 -409,00
34 857,15 -613,00
10 386,22 -55,00
5 127,49 -3,00
19 744,42 -255,00
5 259,54 -100,00
31 920,45 -409,00
20 378,53 -206,00
6 104,22 -3,00
13 438,15 -52,00
17 446,68 -108,00
8 106,27 -102,00
8 153,05 -152,00
11 368,68 -153,00
19 472,37 -153,00
7 99,76 -1,00
9 240,53 -150,00
10 332,52 -55,00
13 297,81 -252,00
8 138,90 -104,00
10 454,27 -56,00
11 492,02 -149,00
13 225,49 -100,00
23 664,75 -355,00
18 378,01 -206,00
11 398,12 -252,00
5 58,24 -51,00
10 128,38 -7,00
10 194,81 -148,00
32 1253,18 -560,00
14 528,74 -103,00
7 90,47 -102,00
24 466,41 -257,00
8 388,49 -201,00
33 788,44 -508,00
11 466,78 -4,00
6 99,36 -100,00
11 555,21 -248,00
11 1108,33 -149,00
13 345,76 -302,00
37 1215,05 -710,00
8 214,20 -52,00
17 390,28 -103,00
12 385,98 -154,00
5 92,96 -3,00
15 573,82 -153,00
13 262,34 -201,00
51 2024,13 -1565,00
13 556,23 -203,00
11 394,90 -300,00
13 427,16 -205,00
21 715,58 -210,00
7 178,13 -106,00
18 955,01 -13,00
11 256,92 -207,00
19 479,36 -158,00
11 219,32 -207,00
17 391,77 -156,00
19 429,70 -207,00
14 623,01 -255,00
7 188,63 -106,00
28 538,58 -120,00
17 236,11 -55,00
26 484,88 -368,00
27 505,05 -263,00
21 380,30 -256,00
13 282,30 -110,00
19 582,52 -161,00
11 55,84 -110,00
18 317,02 -62,00
10 303,48 -103,00
10 301,97 -205,00
14 255,02 -106,00
26 735,60 -412,00
9 257,87 -107,00
26 773,03 -116,00
14 404,57 -162,00
8 214,46 -107,00
24 372,39 -318,00
29 961,74 -269,00
34 822,93 -323,00
13 311,16 -106,00
15 327,83 -163,00
8 350,48 -155,00
11 299,38 -306,00
14 483,23 -308,00
14 171,60 -9,00
18 419,19 -213,00
39 508,54 -316,00
14 371,86 -206,00
22 601,21 -161,00
12 111,87 -107,00
20 533,20 -203,00
16 285,02 -164,00
16 391,76 -158,00
15 335,72 -255,00
7 284,22 -106,00
39 578,63 -224,00
7 92,89 -155,00
6 123,68 -104,00
17 524,57 -410,00
7 140,66 -154,00
20 224,93 -14,00
28 827,85 -462,00
20 398,46 -58,00
13 521,84 -259,00
29 904,34 -407,00
25 548,56 -215,00
13 370,10 -303,00
9 141,45 -58,00
7 161,32 -56,00
15 209,66 -59,00
10 364,71 -305,00
40 693,23 -221,00
19 405,77 -261,00
13 440,50 -159,00
36 1116,60 -406,00
40 937,62 -756,00
26 752,97 -157,00
19 604,69 -458,00
43 1164,06 -364,00
37 828,12 -553,00
31 1013,22 -762,00
31 516,56 -60,00
51 1081,21 -672,00
11 478,04 -60,00
13 290,90 -111,00
20 644,67 -251,00
11 163,30 -55,00
34 758,28 -262,00
28 1045,40 -562,00
33 1009,88 -361,00
8 389,92 -205,00
21 601,47 -359,00
36 1186,66 -418,00
11 258,39 -60,00
36 908,48 -374,00
31 726,98 -315,00
16 597,21 -210,00
16 527,08 -163,00
17 349,56 -107,00
18 345,81 -106,00
13 292,37 -154,00
19 400,05 -60,00
14 350,74 -154,00
36 684,38 -498,00
43 1380,59 -623,00
6 97,53 -100,00
6 114,20 -101,00
6 92,60 -52,00
19 366,86 -252,00
12 221,78 -3,00
25 670,65 -399,00
22 809,73 -407,00
15 667,89 -9,00
25 822,74 -208,00
14 484,52 -51,00
15 215,53 -3,00
17 588,78 -247,00
8 96,22 -3,00
10 480,83 -152,00
24 612,38 -454,00
34 613,53 -359,00
7 164,14 -151,00
29 832,30 -310,00
36 655,84 -312,00
19 447,44 -251,00
39 841,10 -616,00
18 291,34 -148,00
16 393,25 -98,00
13 341,84 -199,00
6 90,82 -2,00
9 291,64 -250,00
27 571,92 -453,00
12 163,42 -198,00
15 257,71 -152,00
25 905,29 -304,00
5 256,18 -51,00
24 588,15 -347,00
20 535,13 -255,00
27 519,99 -261,00
19 481,29 -249,00
12 317,27 -106,00
10 324,46 -52,00
10 116,65 -1,00
11 332,24 -152,00
11 97,20 -7,00
19 375,57 -306,00
26 446,23 -103,00
32 726,91 -659,00
21 624,08 -602,00
14 271,64 -206,00
27 650,48 -351,00
12 390,22 -51,00
19 427,84 -52,00
17 294,93 -100,00
25 697,51 -403,00
17 576,91 -57,00
15 632,29 -256,00
28 767,76 -463,00
29 654,96 -166,00
8 184,90 -150,00
17 841,88 -353,00
14 210,43 -201,00
27 591,44 -399,00
27 665,06 -407,00
9 200,17 -6,00
14 364,35 -105,00
13 345,77 -203,00
7 143,61 -102,00
16 417,12 -256,00
8 134,84 -153,00
39 762,69 -315,00
38 711,96 -566,00
21 235,32 -110,00
7 160,45 -52,00
13 504,11 -255,00
11 120,84 -100,00
5 184,00 -150,00
37 763,66 -263,00
36 775,70 -317,00
12 320,69 -46,00
15 399,32 -253,00
18 397,09 -249,00
44 929,14 -269,00
16 433,69 -204,00
27 657,63 -312,00
15 248,79 -154,00
19 290,31 -103,00
15 359,53 -304,00
8 259,33 -104,00
16 623,05 -252,00
5 208,93 -51,00
39 830,52 -352,00
28 760,56 -212,00
4 140,70 -51,00
26 721,94 -556,00
13 298,57 -298,00
17 290,47 -152,00
24 730,96 -108,00
17 293,74 -154,00
15 458,64 -248,00
19 367,57 -208,00
45 905,00 -566,00
21 490,24 -303,00
13 228,32 -56,00
12 289,51 -204,00
13 387,04 -157,00
33 622,67 -266,00
6 107,00 -2,00
12 188,03 -106,00
21 573,77 -202,00
7 142,78 -52,00
7 37,63 -2,00
16 388,25 -110,00
19 379,71 -9,00
22 424,35 -214,00
9 115,70 -6,00
17 423,62 -399,00
30 1033,07 -658,00
10 274,22 -3,00
15 330,80 -252,00
16 402,04 -302,00
21 314,67 -109,00
8 96,31 -1,00
12 172,68 -4,00
6 158,10 -2,00
53 1068,41 -769,00
18 279,54 -151,00
10 221,22 -251,00
14 517,45 -200,00
15 428,18 -253,00
19 275,88 -105,00
9 129,74 -104,00
6 86,22 -101,00
13 228,94 -156,00
30 712,91 -214,00
15 483,87 -205,00
14 193,44 -97,00
13 455,34 -156,00
11 219,49 -151,00
27 323,49 -160,00
17 279,46 0,00
39 737,42 -609,00
14 303,87 -149,00
21 440,69 -251,00
12 322,37 -153,00
10 406,38 -103,00
10 216,74 -148,00
45 784,26 -406,00
22 523,26 -356,00
19 385,63 -308,00
37 877,84 -508,00
17 344,76 -205,00
46 854,32 -214,00
24 368,00 -251,00
12 330,06 -150,00
10 362,73 -150,00
32 850,34 -457,00
8 42,96 -5,00
9 295,40 -153,00
35 776,76 -404,00
12 398,09 -154,00
15 524,06 -6,00
19 516,22 -349,00
16 531,87 -210,00
40 757,38 -398,00
11 266,02 -7,00
9 166,96 -3,00
15 204,73 -100,00
8 260,13 -3,00
10 157,94 -250,00
14 467,46 -352,00
16 476,18 -205,00
28 741,89 -303,00
20 340,90 -111,00
8 80,66 -52,00
79 1688,28 -976,00
16 363,19 -351,00
20 647,86 -154,00
52 1768,23 -719,00
11 170,21 -104,00
19 520,74 -252,00
27 458,28 -214,00
18 518,97 -57,00
27 465,98 -109,00
10 223,21 -151,00
11 205,10 -150,00
31 385,76 -50,00
16 199,83 -8,00
14 560,04 -347,00
25 388,59 -257,00
5 210,91 -101,00
21 573,86 -652,00
16 267,45 -255,00
16 427,43 -203,00
13 98,66 -4,00
8 140,64 -150,00
18 323,44 -53,00
15 397,25 -7,00
44 1005,35 -561,00
36 727,22 -449,00
10 159,94 -151,00
39 1214,63 -558,00
8 250,02 -1,00
15 511,37 -52,00
34 523,79 -198,00
19 815,22 -403,00
57 1255,06 -427,00
61 1322,43 -871,00
25 409,43 -55,00
25 637,12 -495,00
10 218,69 -156,00
18 542,00 -404,00
16 348,58 -112,00
13 237,70 -206,00
10 161,09 -104,00
23 508,06 -202,00
13 199,20 -53,00
11 160,78 -7,00
19 354,55 -253,00
11 279,54 -55,00
11 153,20 -197,00
22 715,66 -509,00
18 580,69 -58,00
20 463,08 -206,00
26 613,91 -215,00
16 177,93 -55,00
13 462,76 -354,00
39 703,87 -463,00
13 532,14 -249,00
11 553,88 -107,00
15 418,40 -256,00
13 255,87 -102,00
30 533,56 -460,00
17 405,76 -206,00
23 530,09 -161,00
47 1471,27 -956,00
40 983,88 -212,00
14 288,16 -8,00
9 168,16 -53,00
17 426,14 -104,00
36 836,95 -417,00
20 591,62 -355,00
7 223,15 -4,00
9 144,83 -54,00
10 403,68 -105,00
32 689,70 -366,00
24 534,94 -306,00
12 236,92 -253,00
14 547,82 -108,00
10 233,48 -53,00
58 1293,11 -774,00
12 143,44 -51,00
22 445,79 -360,00
15 316,54 -356,00
11 214,92 -106,00
22 254,25 -167,00
19 533,00 -305,00
8 418,55 -152,00
9 127,86 -6,00
6 155,40 -102,00
9 189,47 -103,00
10 120,86 -4,00
7 154,51 -103,00
19 247,53 -211,00
11 122,40 -7,00
6 159,55 -51,00
13 160,67 -99,00
9 163,64 -152,00
11 369,42 -204,00
21 609,22 -358,00
14 309,14 -158,00
10 127,94 -201,00
5 102,32 -2,00
17 290,16 -9,00
10 213,44 -154,00
9 100,29 -5,00
20 463,96 -212,00
8 116,67 -4,00
9 148,30 -104,00
13 165,20 -105,00
21 360,57 -200,00
7 234,96 -151,00
8 65,86 -4,00
16 509,11 -305,00
13 167,54 -57,00
16 406,41 -105,00
8 335,94 -203,00
40 1021,20 -422,00
7 155,57 -102,00
13 266,00 -59,00
11 64,13 -3,00
21 403,19 -212,00
19 412,40 -255,00
15 320,87 -207,00
11 282,90 -154,00
20 290,76 -108,00
25 406,95 -112,00
20 396,79 -256,00
18 375,99 -253,00
5 52,24 -1,00
17 244,92 -57,00
8 98,90 -102,00
11 117,02 -99,00
19 346,74 -258,00
12 244,42 -106,00
46 1291,67 -627,00
11 169,58 1,00
12 279,61 -202,00
33 814,93 -405,00
7 94,62 -54,00
7 269,80 -151,00
32 905,94 -754,00
5 109,51 -100,00
22 516,50 -404,00
14 281,47 -109,00
15 319,54 -207,00
11 232,49 -154,00
21 360,04 -148,00
13 426,62 -302,00
30 982,81 -360,00
81 2227,39 -1630,00
22 472,43 -499,00
14 257,88 -204,00
16 399,24 -250,00
22 535,30 -508,00
17 117,43 -9,00
11 136,76 -151,00
17 280,81 -204,00
21 324,76 -109,00
68 1247,27 -708,00
14 198,66 -5,00
23 388,10 -111,00
15 321,64 -206,00
10 113,01 -101,00
5 105,12 -100,00
13 275,93 -205,00
14 333,47 -5,00
16 291,96 -157,00
11 311,51 -153,00
12 326,37 -252,00
32 647,00 -265,00
15 492,96 -398,00
11 190,59 -47,00
12 109,71 -2,00
24 326,48 -106,00
21 551,07 -154,00
8 298,21 -200,00
18 471,48 -401,00
22 433,32 -259,00
8 241,15 -151,00
14 153,11 -97,00
23 617,24 -348,00
24 1054,50 -349,00
7 42,64 -101,00
19 584,14 -250,00
10 251,11 -151,00
24 538,27 -402,00
12 295,03 -205,00
24 695,00 -449,00
36 960,53 -457,00
30 564,22 -461,00
17 330,45 -152,00
32 562,74 -302,00
32 551,01 -450,00
15 186,90 -155,00
58 978,29 -271,00
32 668,21 -344,00
13 462,02 -148,00
20 799,27 -402,00
20 532,80 -458,00
15 294,52 -102,00
15 381,24 -354,00
9 343,95 -102,00
14 296,03 -149,00
15 369,35 -6,00
16 194,68 -5,00
10 214,68 -154,00
14 309,02 -199,00
8 72,44 -51,00
13 242,69 -198,00
29 788,90 -464,00
21 555,28 -460,00
23 769,98 -210,00
13 231,98 -205,00
17 507,80 -254,00
27 446,85 -112,00
18 647,69 -254,00
19 438,56 -302,00
48 844,87 -465,00
22 481,28 -208,00
21 384,20 -56,00
16 345,76 -155,00
29 783,65 -452,00
13 325,05 -251,00
10 281,40 -155,00
54 1235,04 -614,00
32 770,28 -261,00
16 509,92 -99,00
17 270,23 -156,00
28 518,62 -206,00
22 785,04 -606,00
9 269,76 -153,00
24 543,25 -255,00
34 608,34 -163,00
14 418,98 -352,00
12 157,50 -7,00
18 350,66 -165,00
44 1341,10 -1072,00
7 109,76 -105,00
13 391,57 -161,00
10 157,05 -59,00
11 299,41 -159,00
10 91,88 -10,00
11 84,32 -11,00
5 129,21 -54,00
15 234,49 -163,00
10 351,29 -156,00
8 269,61 -57,00
10 342,81 -305,00
15 445,30 -309,00
16 339,89 -163,00
8 123,04 -107,00
10 229,39 -206,00
10 313,75 -109,00
14 289,89 -156,00
8 236,02 -156,00
22 329,64 -214,00
11 347,70 -158,00
16 220,63 -261,00
14 181,45 -113,00
11 263,90 -158,00
13 332,21 -308,00
9 151,05 -108,00
6 35,22 -6,00
16 414,72 -311,00
11 237,62 -110,00
21 439,30 -213,00
13 115,52 -161,00
11 149,27 -109,00
10 146,96 -109,00
12 520,58 -204,00
38 869,66 -420,00
8 276,63 -105,00
15 375,32 -212,00
5 98,62 -54,00
9 370,50 -205,00
22 947,20 -610,00
24 499,36 -357,00
17 499,52 -312,00
23 539,72 -307,00
6 93,08 -6,00
8 320,30 -154,00
17 494,98 -311,00
7 147,45 -155,00
11 311,09 -208,00
14 278,25 -260,00
9 195,22 -107,00
6 512,56 -6,00
7 271,49 -253,00
9 188,62 -107,00
7 160,31 -56,00
18 423,70 -258,00
15 378,90 -162,00
25 569,91 -207,00
6 85,43 -6,00
7 166,59 -106,00
7 325,84 -106,00
25 514,55 -462,00
10 194,22 -10,00
11 351,52 -257,00
12 515,59 -157,00
9 297,92 -154,00
23 616,84 -404,00
15 503,04 -156,00
6 125,36 -105,00
12 376,35 -307,00
46 1453,21 -924,00
11 327,01 -255,00
23 412,60 -214,00
4 89,23 -53,00
27 842,78 -262,00
9 311,62 -106,00
14 290,91 -407,00
42 898,01 -716,00
14 260,08 -106,00
11 194,97 -109,00
10 379,83 -107,00
13 474,53 -254,00
25 394,70 -214,00
11 262,43 -159,00
8 177,32 -107,00
15 349,87 -114,00
7 68,38 -106,00
9 159,77 -157,00
14 200,35 -108,00
10 199,18 -109,00
8 261,28 -156,00
49 1255,35 -913,00
48 1329,56 -1268,00
19 296,06 -111,00
10 202,64 -59,00
12 274,37 -306,00
12 208,81 -159,00
11 308,96 -257,00
8 247,64 -156,00
8 365,13 -254,00
44 731,94 -117,00
11 194,52 -155,00
11 299,70 -51,00
9 356,10 -155,00
16 312,25 -59,00
13 412,60 -203,00
13 357,59 -205,00
24 532,07 -265,00
12 188,91 -61,00
10 169,22 -109,00
51 1223,80 -669,00
24 478,08 -408,00
11 347,64 -59,00
37 701,35 -508,00
8 471,89 -156,00
6 179,78 -154,00
15 209,23 1,00
13 382,08 -108,00
8 144,28 -156,00
7 182,82 -5,00
10 221,17 -106,00
16 368,77 -110,00
7 147,83 -104,00
22 346,68 -255,00
11 176,21 -102,00
7 103,42 -105,00
14 465,54 -305,00
16 550,72 -204,00
13 242,00 -104,00
9 405,71 -107,00
7 318,98 -7,00
27 533,60 -310,00
29 899,48 -561,00
23 972,30 -259,00
7 175,04 -104,00
15 286,22 -106,00
23 660,26 -414,00
25 340,39 -117,00
8 78,75 -8,00
15 261,62 -113,00
11 289,95 -208,00
15 171,29 -9,00
4 110,10 -103,00
45 946,24 -422,00
18 313,85 -57,00
10 228,94 -106,00
36 968,10 -424,00
12 314,92 -109,00
24 387,74 -68,00
21 337,90 -162,00
35 999,71 -468,00
8 173,57 -154,00
14 235,89 -157,00
19 369,15 -157,00
8 268,67 -156,00
12 361,12 -203,00
9 447,24 -108,00
14 406,39 -406,00
22 402,36 -404,00
13 296,39 -58,00
35 689,73 -508,00
11 144,52 -154,00
16 356,39 -164,00
13 192,47 -8,00
23 823,43 -609,00
11 284,33 -257,00
6 228,20 -154,00
15 409,39 -109,00
26 803,71 -467,00
12 363,02 -154,00
9 215,30 -108,00
14 180,89 -57,00
12 377,56 -159,00
10 345,43 -255,00
50 1311,65 -470,00
17 169,17 -12,00
4 126,47 -103,00
8 99,33 -106,00
18 276,02 -209,00
10 337,62 -109,00
8 160,29 -107,00
19 581,91 -359,00
33 659,09 -16,00
21 305,68 -66,00
16 222,55 -206,00
24 473,90 -10,00
33 493,84 -315,00
10 492,98 -206,00
14 288,83 -113,00
14 366,13 -260,00
12 328,79 -110,00
20 264,94 -69,00
31 616,91 -460,00
15 350,22 -108,00
20 491,58 -162,00
27 702,09 -316,00
10 245,98 -54,00
10 115,15 -9,00
14 285,12 -162,00
19 533,49 -203,00
43 820,95 -310,00
30 659,28 -413,00
28 732,77 -262,00
6 117,47 -5,00
14 360,62 -157,00
34 664,17 -270,00
7 75,46 -7,00
11 149,72 -10,00
8 116,92 -154,00
8 130,00 -6,00
7 81,32 -55,00
31 667,06 -619,00
50 877,88 -305,00
5 137,11 -103,00
8 161,22 -153,00
7 102,79 -7,00
10 306,49 -207,00
35 659,11 -211,00
15 412,56 -306,00
7 281,98 -155,00
54 1378,35 -777,00
27 707,24 -558,00
13 217,53 -209,00
7 218,48 -203,00
14 359,61 -256,00
7 219,12 -5,00
18 270,73 -163,00
25 306,45 -161,00
16 295,77 -161,00
15 382,57 -203,00
10 242,24 -154,00
24 336,69 -114,00
18 263,31 -2,00
6 60,23 -55,00
14 114,93 -7,00
13 138,08 -54,00
20 365,26 -151,00
44 1030,79 -477,00
25 704,58 -458,00
21 408,03 -108,00
26 542,78 -264,00
10 263,23 -57,00
11 339,22 -106,00
22 614,06 -353,00
12 463,87 -306,00
7 111,51 -55,00
19 356,77 -162,00
7 48,79 -103,00
10 402,19 -199,00
5 127,36 -54,00
6 67,36 -54,00
12 153,30 -102,00
9 148,19 -6,00
13 498,28 0,00
35 786,68 -419,00
33 835,21 -455,00
72 1467,64 -830,00
22 567,64 -307,00
24 405,43 -204,00
20 588,77 -498,00
33 726,36 -363,00
38 1076,96 -424,00
15 202,19 -156,00
33 991,55 -602,00
38 615,06 -62,00
11 213,08 -158,00
12 147,85 -108,00
14 232,93 -107,00
6 134,23 -154,00
56 1717,97 -681,00
24 530,72 -268,00
26 349,62 -20,00
25 327,45 -157,00
27 256,84 -110,00
5 256,04 -103,00
14 522,11 -259,00
6 128,14 -103,00
21 450,66 -412,00
14 372,29 -307,00
23 455,37 -361,00
14 320,26 -258,00
15 356,28 -201,00
12 180,80 -103,00
27 305,33 -215,00
14 151,30 -109,00
6 164,59 -4,00
9 84,09 -8,00
13 185,85 -13,00
9 167,66 -154,00
15 268,23 -157,00
14 865,98 -454,00
29 651,30 -352,00
35 828,65 -450,00
9 369,34 -106,00
11 127,30 -8,00
8 79,15 -5,00
15 511,11 -103,00
16 272,17 -152,00
84 1287,37 -710,00
70 1457,11 -620,00
45 1293,22 -704,00
20 742,48 -409,00
21 537,19 -402,00
19 649,22 -259,00
12 716,04 -160,00
19 680,46 -360,00
6 480,34 -105,00
10 304,59 -256,00
9 271,23 -157,00
16 583,71 -409,00
7 263,20 -106,00
36 926,11 -468,00
12 384,49 -11,00
36 850,65 -661,00
19 576,51 -355,00
7 123,46 -154,00
6 183,74 -105,00
19 432,04 -457,00
11 383,49 -208,00
15 378,47 -212,00
17 546,12 -255,00
14 384,88 -209,00
29 960,01 -465,00
10 205,39 -157,00
35 568,06 -218,00
16 249,69 -310,00
12 384,52 -257,00
27 403,25 -212,00
17 249,47 -7,00
17 273,33 -311,00
18 596,80 -307,00
22 302,82 -407,00
19 665,60 -160,00
15 263,46 -161,00
8 166,88 -105,00
6 221,77 -105,00
8 199,32 -57,00
18 295,81 -61,00
6 199,46 -105,00
9 64,71 -3,00
14 456,70 -255,00
8 341,77 -156,00
31 775,68 -318,00
19 320,12 -108,00
45 802,75 -572,00
6 100,50 -105,00
5 134,25 -104,00
9 226,88 -108,00
41 1032,54 -756,00
6 136,87 -105,00
12 539,45 -160,00
5 165,91 -104,00
6 253,24 -105,00
28 535,40 -214,00
6 126,75 -6,00
34 885,00 -567,00
18 323,20 -214,00
17 484,70 -262,00
19 703,71 -165,00
16 286,50 -160,00
12 241,67 -58,00
7 327,03 -154,00
9 321,81 -4,00
13 407,25 -258,00
11 528,79 -206,00
13 257,19 -259,00
22 597,95 -404,00
43 1236,97 -654,00
11 396,63 -349,00
75 1856,94 -1277,00
6 194,20 -105,00
8 96,92 -106,00
6 132,95 -6,00
14 298,87 -13,00
17 345,82 -164,00
19 211,35 -59,00
30 425,37 -309,00
15 482,75 -254,00
21 355,17 -107,00
23 534,76 -213,00
33 700,08 -312,00
50 799,92 -411,00
53 1010,01 -521,00
25 531,50 -251,00
11 137,16 -9,00
28 574,62 -609,00
24 778,12 -466,00
13 327,12 -59,00
34 367,99 -169,00
6 77,34 -105,00
11 371,37 -256,00
25 729,49 -459,00
27 684,82 -464,00
15 651,89 -59,00
64 1043,06 -219,00
11 431,62 -57,00
9 322,60 -157,00
33 566,37 -419,00
7 331,59 -105,00
14 368,17 -253,00
38 790,67 -399,00
38 996,58 -408,00
92 2086,54 -1434,00
15 500,36 -350,00
20 476,70 -262,00
19 517,15 -251,00
16 527,91 -304,00
28 849,67 -568,00
23 700,32 -459,00
9 197,02 -108,00
18 682,28 -259,00
26 594,92 -461,00
61 1130,30 -770,00
16 654,33 -501,00
26 666,54 -250,00
48 1385,48 -1063,00
6 250,36 -105,00
18 533,48 -111,00
5 140,78 -104,00
25 509,32 -166,00
14 546,87 -307,00
40 832,54 -468,00
19 349,48 -107,00
30 389,16 -222,00
19 501,27 -62,00
15 322,94 -58,00
12 337,89 -305,00
8 189,79 -56,00
15 186,02 -202,00
33 1000,69 -377,00
39 991,95 -669,00
15 422,97 -106,00
65 1499,22 -818,00
9 401,00 -154,00
18 684,47 -255,00
26 509,44 -357,00
39 905,88 -519,00
27 629,14 -306,00
18 439,63 -305,00
5 167,61 -104,00
25 680,11 -410,00
9 306,64 -9,00
11 171,85 -105,00
17 569,71 -151,00
6 101,95 -105,00
8 136,74 -156,00
8 157,55 -155,00
14 406,54 -160,00
6 128,78 -104,00
7 119,78 -106,00
9 277,27 -108,00
8 402,70 -254,00
9 628,40 -108,00
25 508,13 -369,00
18 559,59 -460,00
13 407,59 -210,00
10 261,51 -107,00
10 388,26 -205,00
38 1087,98 -901,00
25 544,88 -265,00
34 863,06 -267,00
7 322,71 -154,00
31 739,95 -358,00
7 221,72 -253,00
11 334,77 -208,00
17 258,18 -361,00
14 565,00 -299,00
33 894,51 -714,00
10 162,28 -103,00
10 237,89 -157,00
9 381,89 -155,00
12 352,44 -304,00
12 348,17 -153,00
12 196,93 -103,00
18 526,63 -54,00
65 2147,54 -1415,00
31 562,33 -217,00
11 477,89 -202,00
46 968,25 -576,00
11 251,45 -256,00
20 402,06 -260,00
21 278,26 -14,00
18 489,92 -408,00
19 796,53 -460,00
9 329,42 -206,00
16 420,56 -163,00
38 1164,17 -1163,00
7 483,63 -106,00
37 1111,59 -416,00
17 221,84 -116,00
26 557,51 -214,00
14 451,66 -210,00
16 393,53 -206,00
24 559,77 -557,00
6 419,90 -5,00
21 660,19 -109,00
22 1049,08 -253,00
26 475,63 -70,00
35 611,68 -371,00
7 188,92 -7,00
27 542,02 -365,00
9 188,07 -58,00
22 638,51 -605,00
4 116,02 -103,00
7 115,47 -5,00
18 743,08 -312,00
6 196,95 -6,00
14 273,69 -110,00
3 106,08 -102,00
90 1488,58 -869,00
45 882,08 -653,00
19 454,71 -263,00
20 253,46 -107,00
7 177,30 -204,00
25 538,88 -506,00
9 95,86 -108,00
25 482,16 -254,00
13 298,05 -61,00
10 118,11 -7,00
8 346,68 -156,00
7 201,00 -106,00
11 149,79 -110,00
11 443,12 -110,00
21 344,28 -114,00
11 261,53 -110,00
6 41,47 -105,00
26 510,35 -303,00
11 74,05 -110,00
7 345,24 -155,00
9 125,36 -6,00
14 431,87 -259,00
15 428,19 -310,00
17 484,35 -209,00
15 593,08 -354,00
15 278,35 -107,00
32 720,29 -209,00
13 242,18 -158,00
26 441,02 -266,00
28 331,09 -117,00
7 66,71 -56,00
6 125,63 -104,00
10 220,29 -109,00
47 810,35 -520,00
53 1103,04 -769,00
5 94,13 -104,00
6 88,51 -105,00
8 138,53 -156,00
17 267,56 -105,00
21 502,87 -463,00
26 415,01 -204,00
16 188,43 -60,00
18 357,34 -259,00
12 217,21 -56,00
13 489,35 -209,00
24 322,96 -303,00
13 631,17 -357,00
24 563,13 -115,00
13 118,38 -161,00
20 498,92 -315,00
14 157,63 -110,00
10 307,85 -109,00
14 254,33 -8,00
14 331,44 -160,00
13 240,53 -157,00
17 390,02 -206,00
31 573,26 -261,00
20 410,00 -308,00
19 358,25 -107,00
9 191,94 -108,00
7 97,56 -155,00
14 405,26 -309,00
15 352,05 -256,00
9 213,61 -108,00
42 921,63 -478,00
14 428,65 -108,00
14 306,98 -107,00
30 530,48 -266,00
18 357,31 -263,00
17 537,16 -312,00
45 1233,68 -859,00
9 190,93 -206,00
28 643,38 -265,00
13 236,89 -210,00
14 482,34 -252,00
19 488,29 -461,00
27 801,05 -567,00
24 696,42 -358,00
11 127,87 -159,00
24 411,72 -363,00
39 791,25 -365,00
18 585,38 -155,00
21 755,20 -560,00
15 621,43 -256,00
28 991,08 -747,00
10 227,21 -109,00
9 89,05 -9,00
14 278,53 -260,00
26 633,71 -403,00
15 403,07 -154,00
21 590,39 -8,00
73 1489,06 -1141,00
10 207,96 -256,00
22 472,60 -366,00
10 302,67 -256,00
17 259,62 -159,00
31 483,64 -202,00
38 756,11 -405,00
9 227,95 -157,00
10 152,04 -59,00
18 328,36 -159,00
14 290,97 -358,00
13 567,34 -160,00
23 623,02 -310,00
6 141,05 -154,00
27 486,62 -463,00
13 318,32 -156,00
5 251,10 -104,00
6 316,99 -105,00
17 209,76 -6,00
5 154,87 -5,00
7 279,49 -155,00
9 396,36 -108,00
6 206,13 -6,00
24 525,56 -216,00
12 522,41 -209,00
12 312,05 -111,00
18 318,87 -263,00
12 476,17 -307,00
21 465,33 -213,00
11 399,28 -202,00
13 304,40 -259,00
20 537,44 -205,00
12 343,64 -258,00
55 1546,89 -1129,00
36 701,52 -568,00
20 650,96 -413,00
24 699,08 -209,00
47 906,49 -211,00
15 254,81 -109,00
11 386,47 -257,00
20 455,89 -264,00
11 255,07 -60,00
18 433,13 -264,00
8 247,26 -57,00
6 178,87 -105,00
81 2575,70 -1022,00
9 193,44 -206,00
7 196,87 -7,00
34 704,65 -405,00
7 323,26 -155,00
9 166,64 -108,00
14 465,49 -358,00
12 346,93 -110,00
15 338,79 -211,00
8 170,76 -156,00
65 1694,17 -385,00
48 1172,63 -607,00
6 138,81 -154,00
15 307,45 -254,00
8 184,39 -107,00
8 266,14 -107,00
9 340,47 -9,00
10 311,03 -158,00
5 131,00 -153,00
13 518,93 -112,00
14 263,72 -259,00
17 557,84 -12,00
11 269,90 -110,00
10 122,17 -109,00
8 148,42 -107,00
11 256,69 -109,00
16 588,72 -409,00
17 440,66 -160,00
8 274,76 -205,00
12 474,44 -154,00
11 171,62 -60,00
9 306,21 -108,00
8 552,84 -8,00
10 255,64 -256,00
13 557,39 -357,00
17 328,72 -156,00
6 174,01 -105,00
20 536,05 -461,00
63 851,26 -275,00
14 299,46 -211,00
7 230,28 -155,00
9 267,39 -205,00
9 244,13 -108,00
26 1019,33 -353,00
7 201,37 -155,00
9 145,33 -157,00
7 125,51 -106,00
30 830,94 -461,00
42 903,02 -407,00
13 442,74 -254,00
43 851,69 -533,00
34 909,32 -109,00
7 323,67 -106,00
11 309,07 -208,00
21 668,90 -209,00
70 1216,09 -589,00
40 1542,00 -865,00
17 786,38 -352,00
78 1784,70 -966,00
30 561,69 -63,00
11 100,82 -104,00
22 544,87 -351,00
30 550,55 -162,00
49 1076,24 -563,00
15 416,45 -248,00
11 241,23 -203,00
13 565,47 0,00
16 377,56 -250,00
11 130,50 -151,00
13 235,92 -97,00
49 1041,90 -673,00
17 293,68 -4,00
54 1106,14 -366,00
15 407,48 -154,00
8 91,86 -51,00
5 338,88 -101,00
21 428,80 -202,00
7 125,45 -102,00
11 234,81 -104,00
14 421,63 -4,00
23 455,84 -154,00
26 592,94 -206,00
17 414,45 -304,00
20 742,24 -361,00
38 791,18 -411,00
12 453,27 -353,00
16 297,82 -202,00
11 208,96 -203,00
8 299,93 -103,00
24 378,93 -111,00
9 262,58 -153,00
39 958,36 -652,00
16 513,18 -402,00
22 546,78 -401,00
14 484,18 -103,00
19 353,64 -107,00
47 788,75 -555,00
26 510,25 -354,00
13 334,37 -54,00
20 514,51 -255,00
19 402,01 -303,00
28 886,82 -509,00
7 180,29 -103,00
5 108,36 -101,00
8 177,43 -104,00
12 202,07 -204,00
73 1848,18 -991,00
13 342,03 -101,00
10 444,65 -351,00
36 934,56 -663,00
10 209,93 -53,00
20 298,03 -1,00
40 999,25 -401,00
24 525,93 -161,00
7 135,25 -100,00
13 274,54 -251,00
19 377,59 -356,00
17 329,39 -202,00
45 801,60 -516,00
20 384,87 -350,00
6 47,28 -3,00
7 232,38 -151,00
7 270,83 -200,00
13 374,44 -151,00
14 185,20 -101,00
11 302,96 -99,00
56 1125,08 -574,00
19 589,46 -452,00
40 758,86 -420,00
22 670,33 -356,00
32 590,60 -307,00
9 218,61 -201,00
9 80,87 -4,00
12 230,55 -99,00
17 347,53 -158,00
11 213,48 -201,00
10 360,11 -247,00
18 444,53 -104,00
7 72,70 -152,00
25 663,30 -407,00
7 426,33 -102,00
10 228,94 -98,00
29 1108,28 -555,00
14 262,06 -99,00
17 332,43 -257,00
50 1183,33 -859,00
23 664,49 -405,00
25 477,83 -354,00
12 257,33 0,00
14 368,88 -203,00
10 93,80 -102,00
10 128,86 -152,00
5 71,27 -101,00
18 320,09 -202,00
39 755,23 -515,00
9 285,97 -255,00
13 528,63 -210,00
9 220,93 -206,00
7 95,78 -103,00
20 494,03 -155,00
15 263,69 -156,00
7 325,93 -155,00
16 275,80 -257,00
14 431,18 -356,00
54 1052,07 -480,00
13 290,92 -307,00
11 257,54 -101,00
14 243,79 -207,00
13 503,12 -352,00
5 238,50 -153,00
12 426,20 -56,00
8 131,96 -204,00
16 402,57 -506,00
14 184,80 -104,00
31 774,78 -445,00
35 645,25 -310,00
10 155,11 -59,00
5 54,72 -104,00
29 581,64 -260,00
20 429,42 -258,00
11 175,89 -256,00
11 324,93 -256,00
23 398,98 -111,00
24 445,82 -168,00
48 1193,95 -954,00
37 679,26 -325,00
15 310,10 -258,00
31 652,02 -256,00
9 187,22 -107,00
5 188,45 -5,00
15 424,73 -162,00
14 449,57 -162,00
6 70,97 -104,00
16 221,92 -158,00
19 564,23 -255,00
27 539,66 -415,00
13 501,77 -308,00
9 535,60 -255,00
16 351,05 -204,00
22 515,92 -214,00
10 149,54 -102,00
83 1742,34 -935,00
33 535,79 -460,00
16 207,01 -205,00
14 224,98 -155,00
18 283,15 -61,00
19 426,51 -159,00
12 375,92 -209,00
7 200,09 -155,00
6 105,00 -6,00
37 985,83 -664,00
29 627,41 -307,00
19 258,97 -312,00
54 1064,02 -560,00
6 122,12 -55,00
13 453,08 -351,00
14 362,02 -253,00
11 359,84 -207,00
37 818,82 -462,00
30 689,32 -359,00
7 119,27 -154,00
12 488,78 -405,00
14 435,96 -301,00
57 1361,09 -669,00
14 517,59 -352,00
18 381,14 -59,00
14 328,73 -156,00
5 339,75 -54,00
9 120,91 -9,00
12 185,10 -105,00
13 397,44 -159,00
47 1155,51 -532,00
19 445,87 -56,00
12 201,99 -111,00
48 1021,55 -665,00
25 485,17 -155,00
14 358,25 -161,00
58 999,78 -674,00
15 382,79 -162,00
5 43,79 -5,00
18 459,84 -110,00
8 567,05 -57,00
27 505,88 -566,00
11 241,83 -158,00
7 96,31 -56,00
11 302,53 -207,00
16 165,60 -111,00
9 249,69 -205,00
89 2028,16 -322,00
15 403,10 -251,00
10 305,95 -206,00
27 634,10 -264,00
8 218,75 -155,00
53 953,21 -659,00
23 578,42 -109,00
41 767,56 -404,00
75 1478,07 -637,00
49 847,83 -756,00
7 84,12 -2,00
17 453,82 -257,00
51 1496,60 -721,00
12 281,36 -250,00
19 352,07 -150,00
9 148,50 -103,00
21 745,24 -554,00
12 207,36 -49,00
32 611,68 -301,00
10 209,16 -152,00
14 259,30 -151,00
24 697,52 -454,00
16 361,07 -301,00
22 470,22 -405,00
10 184,68 -56,00
14 281,68 -251,00
36 889,68 -564,00
14 327,34 -252,00
33 671,41 -364,00
15 314,46 -208,00
16 166,64 -56,00
18 394,41 -203,00
12 236,40 -104,00
39 1090,63 -264,00
14 217,79 -154,00
13 159,59 -202,00
11 147,68 -7,00
17 243,92 -103,00
68 1201,17 -437,00
6 94,64 -2,00
9 292,06 -151,00
21 505,55 -405,00
20 263,14 -54,00
23 301,05 -61,00
14 339,18 -206,00
29 645,40 -262,00
17 400,00 -201,00
16 323,18 -53,00
23 379,62 -152,00
22 376,60 -209,00
9 123,63 -6,00
16 121,74 -4,00
21 451,23 -150,00
12 269,36 -97,00
23 331,66 -153,00
10 368,02 -152,00
50 880,71 -208,00
37 740,79 -407,00
30 503,93 -256,00
14 324,54 -54,00
12 178,80 -97,00
12 435,63 -153,00
9 318,22 -3,00
9 173,13 -150,00
7 44,53 -3,00
11 190,74 -54,00
18 262,23 -9,00
29 1127,48 -461,00
14 430,51 -6,00
19 287,07 -150,00
48 1092,85 -315,00
20 375,61 -105,00
11 436,25 -199,00
15 165,51 -7,00
13 271,15 -197,00
19 452,24 -406,00
19 514,95 -153,00
32 679,15 -317,00
21 365,30 -102,00
30 440,64 -562,00
8 124,74 -102,00
10 244,67 -302,00
15 242,52 -204,00
24 440,08 -11,00
29 616,62 -248,00
30 531,70 -204,00
7 186,33 -102,00
23 391,87 -62,00
16 362,25 -201,00
15 362,24 -147,00
26 519,84 -456,00
24 630,82 -492,00
20 520,49 -208,00
7 176,64 -151,00
13 213,51 -100,00
18 450,76 -300,00
11 188,16 -2,00
12 318,53 -148,00
35 858,03 -468,00
7 142,44 -3,00
41 1044,89 -173,00
28 642,57 -356,00
15 291,26 -5,00
10 199,73 -3,00
27 592,08 -161,00
11 387,19 -199,00
18 242,96 -204,00
13 536,79 -299,00
13 270,13 -198,00
20 485,95 -452,00
9 255,33 -202,00
36 609,74 -298,00
11 298,27 -104,00
38 832,45 -898,00
14 179,33 -49,00
10 106,71 -52,00
33 538,02 -313,00
16 280,84 -7,00
21 355,14 -110,00
16 368,73 -197,00
15 331,92 -305,00
15 418,10 -353,00
12 489,43 -353,00
19 513,35 -211,00
24 803,25 -257,00
19 393,95 -52,00
9 171,89 -51,00
25 598,21 -258,00
9 403,25 -251,00
11 288,56 -247,00
15 266,52 -207,00
31 922,39 -707,00
29 490,52 -360,00
19 351,42 -255,00
12 269,52 -155,00
34 741,27 -560,00
38 914,31 -359,00
18 377,15 -301,00
10 182,58 -104,00
9 300,45 -97,00
16 321,00 -201,00
14 451,60 -400,00
27 826,91 -510,00
15 172,39 -102,00
30 438,14 -264,00
12 277,54 -201,00
8 221,73 -153,00
18 553,79 -308,00
14 318,63 -197,00
23 521,58 -401,00
9 128,26 -151,00
22 504,10 -260,00
29 648,26 -194,00
10 158,09 -101,00
16 384,00 -206,00
15 396,42 -299,00
18 361,36 -351,00
17 419,77 -302,00
26 540,27 -357,00
24 644,19 -355,00
40 602,14 -355,00
15 252,36 -8,00
24 472,80 -350,00
19 371,92 -302,00
19 393,07 -108,00
8 178,09 -102,00
16 478,54 -250,00
15 386,47 -4,00
18 373,56 -201,00
18 227,16 -150,00
15 234,86 -101,00
9 161,69 -101,00
19 342,04 -300,00
31 650,84 -457,00
33 987,34 -316,00
7 127,05 -102,00
31 837,57 -413,00
38 861,86 -694,00
11 238,67 -250,00
24 415,47 -104,00
40 805,62 -172,00
31 637,37 -209,00
34 598,29 -318,00
19 325,85 -152,00
28 283,22 -61,00
16 299,24 -6,00
10 266,18 -104,00
9 171,74 -53,00
9 166,78 -152,00
31 492,89 -310,00
24 415,00 -158,00
31 361,20 -162,00
18 241,43 -108,00
17 390,40 -248,00
15 406,73 -202,00
12 188,20 -103,00
17 397,20 -203,00
20 242,53 -305,00
45 754,07 -415,00
16 275,91 -202,00
11 221,68 -202,00
29 768,01 -353,00
19 696,65 -400,00
8 109,67 -54,00
33 995,65 -510,00
10 243,31 -201,00
23 530,96 -452,00
12 249,75 -106,00
17 628,75 -500,00
12 353,51 -157,00
43 986,75 -450,00
13 217,99 -101,00
13 548,63 -156,00
10 436,08 -56,00
11 403,41 -153,00
8 182,55 -54,00
7 142,28 -103,00
8 205,42 -250,00
7 130,29 -103,00
13 171,02 -201,00
13 321,31 -109,00
10 259,04 -107,00
17 575,85 -356,00
9 176,67 -103,00
9 174,43 -5,00
12 111,90 -156,00
16 395,63 -152,00
12 258,40 -147,00
15 316,55 -203,00
25 607,56 -216,00
18 356,69 -5,00
17 191,00 -9,00
10 251,89 -53,00
16 395,26 -102,00
15 370,48 -103,00
20 346,51 -212,00
51 734,68 -207,00
22 510,18 -212,00
28 774,97 -215,00
12 336,79 -302,00
16 330,30 -109,00
14 380,87 -200,00
25 296,64 -204,00
11 193,06 -8,00
7 173,64 -152,00
7 162,64 -151,00
12 147,26 -5,00
12 459,89 -252,00
5 79,73 -2,00
7 258,87 -151,00
6 185,08 -51,00
22 399,54 -212,00
12 195,45 -106,00
12 390,26 -8,00
12 286,74 -206,00
11 73,00 -8,00
9 154,07 -7,00
8 109,92 -4,00
24 750,54 -557,00
8 274,76 -202,00
14 259,93 -153,00
11 323,39 -106,00
19 465,65 -262,00
9 192,41 -155,00
5 116,61 -102,00
17 426,35 -356,00
23 531,55 -208,00
19 394,84 -259,00
17 662,35 -355,00
11 334,68 -104,00
19 552,88 -354,00
17 445,45 -103,00
15 445,16 -304,00
18 483,01 -259,00
11 94,65 -8,00
10 196,19 -204,00
10 271,10 -156,00
8 178,23 -53,00
12 225,65 -54,00
12 183,66 -59,00
20 687,84 -311,00
102 2022,62 -1282,00
20 531,07 -197,00
26 506,76 -62,00
8 219,75 -102,00
9 48,46 -3,00
9 157,73 -6,00
12 259,98 -103,00
11 316,99 -5,00
32 462,66 -265,00
18 282,14 -159,00
8 225,79 -102,00
10 286,83 -100,00
16 225,66 -61,00
15 414,60 -155,00
8 213,04 -105,00
7 129,72 -152,00
10 310,21 -151,00
15 454,74 -198,00
13 259,75 -104,00
17 503,43 -254,00
9 173,78 -102,00
17 572,93 -444,00
13 283,25 -106,00
32 528,11 -60,00
27 466,83 -308,00
7 45,41 -2,00
15 388,96 -253,00
31 685,99 -353,00
8 277,94 -4,00
38 796,65 -312,00
35 636,76 -354,00
10 330,20 -252,00
13 291,04 -353,00
18 333,23 -110,00
22 799,59 -308,00
15 377,58 -151,00
6 152,27 -200,00
38 1047,85 -1052,00
14 205,54 -203,00
13 490,52 -351,00
25 489,38 -113,00
30 577,15 -259,00
11 236,90 -246,00
10 127,49 -103,00
14 288,34 -206,00
13 497,31 -354,00
33 561,57 -155,00
6 261,05 -101,00
29 751,93 -552,00
18 210,85 -106,00
7 246,06 -3,00
22 374,61 -246,00
12 161,57 -54,00
14 252,15 -104,00
8 184,65 -102,00
11 439,86 -300,00
13 350,51 -51,00
17 434,09 -301,00
22 385,48 -99,00
75 1922,82 -959,00
31 491,65 -261,00
39 851,83 -258,00
23 489,25 -306,00
29 594,88 -603,00
56 1411,13 -465,00
13 385,58 -202,00
26 657,56 -451,00
39 590,38 -257,00
31 691,76 -411,00
37 632,47 -608,00
44 868,09 -557,00
20 420,53 -452,00
45 889,10 -469,00
25 1123,16 -658,00
32 386,86 -163,00
22 483,06 -111,00
30 731,34 -365,00
19 563,63 -245,00
20 455,44 -299,00
20 296,10 -206,00
32 662,65 -504,00
31 540,59 -160,00
15 359,05 -204,00
20 370,61 -108,00
15 279,51 -203,00
17 482,16 -357,00
4 90,12 -1,00
6 194,59 -101,00
10 388,65 -251,00
17 315,12 -99,00
30 1082,38 -610,00
21 408,09 -150,00
20 412,49 -207,00
8 232,56 -151,00
40 982,55 -563,00
37 989,92 -599,00
11 358,69 -251,00
9 208,20 -3,00
36 650,87 -301,00
25 527,04 -553,00
23 629,24 -116,00
18 317,38 -55,00
10 376,56 -103,00
18 221,83 -8,00
14 273,37 -55,00
17 389,69 -298,00
19 552,64 -355,00
33 765,01 -564,00
10 154,26 -153,00
25 501,11 -296,00
21 437,86 -248,00
18 453,33 -453,00
8 192,41 -102,00
28 316,80 -96,00
17 412,71 -298,00
16 428,59 -201,00
15 296,47 -101,00
28 631,43 -412,00
18 466,21 -104,00
8 96,44 -1,00
36 670,64 -367,00
12 225,75 -104,00
15 210,06 -204,00
19 473,82 -204,00
17 692,42 -253,00
15 600,19 -310,00
9 215,42 -206,00
23 539,92 -367,00
30 1002,36 -122,00
12 288,16 -209,00
29 414,21 -209,00
18 651,39 -215,00
46 876,97 -377,00
5 74,14 -5,00
19 595,76 -265,00
45 834,37 -362,00
13 334,43 -210,00
9 283,66 -8,00
34 596,31 -255,00
27 438,22 -409,00
16 484,68 -353,00
4 63,70 -4,00
30 440,99 -250,00
72 1154,19 -480,00
13 143,53 -161,00
25 649,51 -166,00
4 20,50 -4,00
8 225,26 -205,00
13 206,56 -258,00
13 332,53 -56,00
31 869,84 -516,00
9 230,40 -56,00
21 451,72 -152,00
19 455,27 -258,00
6 121,48 -104,00
60 1380,52 -1374,00
32 692,53 -159,00
12 88,40 -11,00
25 764,12 -418,00
13 508,07 -254,00
18 485,27 -410,00
13 232,71 -161,00
39 771,49 -466,00
6 37,30 -55,00
32 751,86 -669,00
9 250,15 -108,00
10 250,94 -157,00
7 370,70 -204,00
7 222,89 -106,00
6 499,46 -6,00
6 285,96 -6,00
17 403,45 -57,00
7 262,96 -154,00
7 193,02 -105,00
5 31,69 -5,00
8 233,39 -205,00
12 391,79 -110,00
5 169,40 -103,00
23 448,18 -416,00
13 496,73 -112,00
10 493,25 -5,00
28 596,09 -420,00
23 660,09 -317,00
15 207,33 -107,00
4 13,56 -4,00
7 141,82 -105,00
11 332,89 -257,00
9 248,61 -157,00
13 420,76 -308,00
7 250,17 -106,00
11 524,38 -159,00
12 317,76 -111,00
6 89,48 -105,00
9 142,28 -107,00
13 497,87 -257,00
27 723,67 -208,00
12 455,17 -160,00
35 644,06 -316,00
68 1483,15 -1009,00
14 418,45 -260,00
68 1322,83 -316,00
19 364,77 -360,00
35 880,50 -769,00
36 741,93 -204,00
25 562,05 -217,00
27 632,37 -466,00
15 295,93 -158,00
19 551,05 -211,00
42 817,63 -449,00
15 531,58 -357,00
17 429,81 -255,00
25 815,16 -467,00
11 465,06 -254,00
25 671,57 -560,00
12 151,69 -108,00
8 237,53 -156,00
28 513,03 -268,00
24 559,75 -220,00
4 14,00 -4,00
13 627,24 -453,00
23 565,99 -459,00
20 638,46 -364,00
13 297,35 -208,00
20 319,44 -160,00
8 257,31 -156,00
24 711,57 -117,00
7 256,01 -155,00
11 215,71 -257,00
14 194,31 -112,00
11 308,64 -257,00
10 305,64 -256,00
15 122,22 -59,00
10 58,96 -108,00
18 359,04 -165,00
10 345,86 -207,00
13 320,74 -112,00
10 343,03 -158,00
11 398,72 -109,00
31 834,39 -159,00
44 805,76 -674,00
18 817,80 -257,00
24 402,10 -158,00
19 395,21 -117,00
15 306,16 -15,00
60 1070,17 -821,00
16 447,08 -65,00
11 387,38 -6,00
8 258,98 -107,00
8 254,38 -57,00
15 428,93 -258,00
25 394,66 -266,00
21 502,08 -202,00
14 341,09 -55,00
14 317,37 -111,00
41 1063,97 -366,00
42 1135,07 -615,00
20 371,09 -209,00
8 155,62 -106,00
10 165,26 -109,00
23 703,23 -407,00
16 759,13 -206,00
28 853,02 -564,00
16 313,66 -200,00
14 299,89 -58,00
10 132,26 -109,00
10 294,23 -59,00
5 121,14 -104,00
8 263,97 -107,00
23 387,00 -269,00
7 63,96 -6,00
40 712,14 -222,00
35 1004,56 -408,00
39 506,74 -206,00
21 346,76 -204,00
14 244,16 -258,00
22 389,64 -155,00
19 565,34 -255,00
10 278,46 -155,00
13 547,29 -56,00
12 311,45 -159,00
9 170,32 -254,00
10 75,63 -9,00
14 365,13 -156,00
30 553,49 -360,00
6 282,85 -153,00
18 428,33 -256,00
5 89,28 -54,00
13 216,92 -209,00
22 792,75 -500,00
11 366,02 -152,00
12 399,15 -7,00
11 130,26 -6,00
9 264,70 -254,00
18 289,23 -109,00
49 974,95 -878,00
25 919,31 -409,00
40 495,03 -275,00
10 308,45 -256,00
37 1136,20 -816,00
20 410,85 -263,00
32 724,09 -503,00
9 146,24 -52,00
15 624,09 -156,00
7 120,82 -154,00
6 117,07 -5,00
36 757,25 -212,00
36 646,22 -457,00
6 139,57 -105,00
21 416,76 -260,00
36 999,67 -656,00
28 470,87 -220,00
10 248,91 -152,00
18 413,57 -165,00
17 488,95 -9,00
25 376,39 -69,00
35 556,91 -319,00
13 265,44 -256,00
8 201,42 -8,00
4 118,64 -103,00
11 329,13 -208,00
12 155,78 -203,00
42 700,28 -463,00
15 421,43 -261,00
7 205,06 -154,00
15 331,64 -109,00
32 670,02 -257,00
20 667,18 -207,00
39 608,79 -269,00
27 629,27 -406,00
23 570,61 -214,00
7 123,08 -103,00
26 541,67 -305,00
29 456,79 -311,00
31 609,10 -249,00
23 560,60 -404,00
5 134,28 -4,00
14 144,19 -58,00
15 457,57 -212,00
28 605,39 -456,00
9 120,48 -155,00
36 756,79 -653,00
17 424,76 -352,00
13 182,80 -109,00
25 413,60 -119,00
28 688,13 -463,00
13 329,87 -253,00
25 618,58 -260,00
23 411,26 -361,00
18 366,67 -403,00
9 277,59 -7,00
24 442,18 -164,00
13 281,21 -156,00
19 548,63 -453,00
30 617,90 -515,00
33 759,16 -209,00
29 618,48 -356,00
27 630,45 -504,00
22 643,78 -610,00
47 1060,43 -811,00
54 1040,29 -364,00
12 321,52 -5,00
16 292,67 -307,00
28 515,74 -514,00
22 661,62 -401,00
18 293,76 -253,00
10 322,79 -205,00
30 866,34 -505,00
27 964,84 -561,00
14 461,77 -253,00
18 307,79 -104,00
72 1089,27 -425,00
11 244,84 -206,00
17 416,39 -259,00
6 55,78 -54,00
35 599,85 -322,00
13 159,63 -5,00
11 336,75 -108,00
11 183,43 -106,00
19 504,66 -349,00
23 788,48 -268,00
16 403,88 -257,00
9 194,93 -154,00
11 200,26 -58,00
28 602,32 -201,00
6 138,90 -104,00
29 738,94 -549,00
60 1860,39 -1765,00
39 532,78 -412,00
23 343,46 -260,00
23 314,63 -216,00
16 408,66 -304,00
33 635,18 -351,00
17 352,76 -306,00
21 650,19 -203,00
8 137,07 -102,00
63 996,11 -458,00
32 788,66 -600,00
24 431,61 -252,00
10 125,05 -105,00
7 205,88 -55,00
50 1093,49 -510,00
16 422,68 -355,00
34 854,24 -411,00
12 219,99 -155,00
14 211,69 -107,00
19 328,06 -264,00
26 614,31 -300,00
19 444,33 -160,00
23 465,18 -357,00
11 237,35 -58,00
23 666,85 -252,00
44 936,41 -369,00
17 185,33 -51,00
21 618,22 -261,00
7 146,92 -102,00
18 239,55 -206,00
17 348,63 -156,00
47 1067,01 -519,00
15 298,83 -255,00
59 1262,49 -663,00
38 1085,62 -561,00
8 138,63 -54,00
40 635,79 -203,00
64 1302,73 -276,00
4 27,66 -103,00
17 562,84 -506,00
49 1495,09 -909,00
10 171,34 -10,00
14 282,21 -162,00
4 40,29 -103,00
7 212,62 -155,00
7 286,17 -106,00
34 734,69 -371,00
6 352,59 -154,00
6 153,73 -55,00
16 591,65 -257,00
7 117,03 -7,00
28 655,63 -458,00
29 547,81 -212,00
7 91,92 -106,00
38 435,93 -173,00
22 535,33 -458,00
8 117,48 -105,00
6 355,90 -154,00
8 298,53 -155,00
5 174,44 -153,00
9 264,03 -206,00
54 1206,47 -823,00
14 205,85 -103,00
10 326,64 -256,00
10 248,92 -207,00
7 171,41 -155,00
9 258,87 -108,00
39 823,93 -572,00
7 254,30 -106,00
67 1319,88 -784,00
4 126,07 -4,00
73 1614,70 -1119,00
5 113,14 -104,00
6 173,60 -104,00
60 1322,86 -512,00
19 519,33 -255,00
33 736,92 -411,00
31 778,76 -708,00
10 328,86 -256,00
8 117,80 -106,00
34 1098,58 -655,00
10 213,75 -256,00
5 171,88 -104,00
41 562,63 -168,00
49 871,83 -220,00
56 1060,32 -723,00
7 263,42 -7,00
11 302,08 -208,00
9 260,28 -108,00
8 285,64 -254,00
5 214,64 -104,00
28 522,60 -312,00
9 176,56 -105,00
10 160,59 -58,00
12 186,60 -107,00
18 745,96 -460,00
6 193,08 -105,00
6 168,05 -6,00
7 225,67 -56,00
26 707,05 -61,00
17 406,24 -303,00
41 820,77 -117,00
35 556,73 -148,00
56 1287,84 -570,00
11 199,08 -149,00
11 362,68 -207,00
40 926,04 -470,00
11 300,22 -159,00
13 404,35 -210,00
25 418,52 -264,00
26 635,17 -307,00
14 214,36 -105,00
28 552,66 -261,00
23 569,76 -510,00
34 629,03 -12,00
42 895,65 -366,00
34 726,72 -154,00
47 846,52 -463,00
28 720,15 -212,00
9 124,24 -100,00
14 268,24 -58,00
11 266,41 -257,00
30 505,33 -306,00
62 1307,19 -535,00
8 287,33 -105,00
24 465,94 -209,00
6 113,41 -55,00
8 62,39 -4,00
28 897,68 -654,00
13 220,37 -8,00
34 933,87 -620,00
23 453,37 -163,00
32 471,83 -57,00
9 310,95 -108,00
25 351,07 -107,00
20 570,55 -357,00
9 158,08 -205,00
6 108,97 -105,00
15 450,49 -347,00
29 748,42 -461,00
9 132,46 -9,00
7 131,31 -7,00
6 130,62 -105,00
10 286,41 -256,00
27 309,37 -22,00
7 134,70 -106,00
16 344,73 -107,00
31 683,92 -370,00
19 479,24 -357,00
27 406,29 -217,00
6 138,19 -153,00
14 244,01 -107,00
8 168,61 -156,00
9 209,55 -253,00
6 74,81 -4,00
9 157,19 -155,00
20 312,69 -206,00
30 711,30 -417,00
26 635,59 -463,00
9 262,18 -157,00
25 883,54 -556,00
14 235,81 -105,00
14 178,50 -58,00
15 242,90 -12,00
16 328,70 -111,00
10 286,83 -54,00
17 337,22 -209,00
24 405,99 -258,00
21 440,41 -360,00
12 137,26 -57,00
11 173,17 -5,00
8 130,25 -5,00
14 463,57 -260,00
12 90,30 -55,00
28 308,03 -67,00
23 311,36 -104,00
9 184,10 -105,00
40 852,40 -407,00
18 402,29 -254,00
9 79,43 -7,00
18 555,32 -453,00
22 593,79 -558,00
24 371,49 -309,00
9 303,00 -100,00
8 134,07 -107,00
27 534,91 -169,00
31 660,12 -272,00
5 159,08 -153,00
18 233,21 -111,00
18 370,51 -161,00
17 334,36 -159,00
44 1057,39 -412,00
19 420,28 -108,00
26 550,95 -407,00
8 169,55 -107,00
9 205,94 -108,00
9 154,93 -108,00
22 433,59 -65,00
10 287,93 -207,00
25 458,89 -164,00
15 387,88 -301,00
19 438,50 -303,00
18 390,32 -152,00
10 157,63 -106,00
30 670,00 -418,00
23 734,05 -411,00
7 184,37 -253,00
11 333,33 -301,00
36 859,07 -721,00
12 295,84 -104,00
10 292,43 -256,00
42 965,06 -763,00
15 304,82 -206,00
15 412,60 -261,00
10 253,60 -109,00
19 514,65 -363,00
20 333,70 -152,00
13 249,25 -107,00
22 352,68 -268,00
30 911,61 -855,00
40 1373,63 -767,00
13 290,46 -210,00
29 854,45 -171,00
11 342,35 -250,00
36 561,72 -215,00
10 204,52 -205,00
8 75,17 -54,00
11 86,90 -8,00
16 616,09 -299,00
6 63,30 -5,00
8 273,84 -205,00
28 472,55 -220,00
14 180,23 -160,00
6 111,80 -154,00
22 230,32 -10,00
11 286,47 -110,00
11 278,21 -306,00
41 919,15 -379,00
10 79,87 -10,00
14 229,31 -107,00
6 120,15 -55,00
9 98,03 -8,00
9 180,40 -157,00
37 734,82 -418,00
16 420,20 -253,00
17 247,02 -112,00
10 359,82 -102,00
16 300,60 -60,00
19 188,56 -10,00
52 1314,83 -977,00
16 429,74 -311,00
37 877,66 -572,00
21 559,46 -411,00
14 495,72 -505,00
16 464,69 -262,00
6 165,87 -105,00
5 108,63 -104,00
13 220,29 -111,00
54 1184,97 -725,00
17 310,99 -111,00
7 252,86 -7,00
7 71,77 -7,00
7 124,29 -105,00
12 168,47 -159,00
32 534,50 -218,00
16 387,18 -211,00
5 36,43 -104,00
19 368,21 -307,00
13 298,99 -111,00
40 979,50 -872,00
6 196,70 -105,00
11 183,70 -108,00
11 152,57 -10,00
34 639,40 -271,00
21 281,96 -316,00
17 541,96 -606,00
14 430,84 -260,00
11 243,40 -158,00
5 71,52 -104,00
16 192,30 -213,00
12 315,39 -160,00
11 325,53 -109,00
4 107,64 -103,00
26 547,91 -217,00
11 236,08 -151,00
10 138,32 -158,00
15 528,11 -456,00
13 288,52 -62,00
9 100,66 -58,00
10 189,86 -152,00
9 200,40 -255,00
12 483,80 -9,00
21 651,81 -164,00
15 337,35 -359,00
9 141,52 -108,00
18 343,39 -253,00
26 590,08 -316,00
11 529,66 -252,00
8 105,78 -156,00
19 497,66 -308,00
9 205,02 -156,00
15 473,60 -456,00
20 491,45 -210,00
5 249,31 -104,00
14 222,67 -210,00
6 50,89 -154,00
22 496,20 -261,00
8 173,84 -107,00
22 597,88 -512,00
24 756,60 -260,00
15 97,17 -8,00
10 186,07 -109,00
10 218,56 -9,00
13 278,15 -155,00
7 51,13 -5,00
7 65,57 -7,00
7 161,09 -155,00
28 729,66 -170,00
10 218,55 -153,00
6 128,91 -105,00
11 354,20 -9,00
34 682,64 -365,00
17 318,83 -160,00
43 859,18 -569,00
17 177,14 -110,00
42 673,90 -477,00
31 440,18 -174,00
11 96,98 -104,00
21 437,95 -168,00
25 556,32 -359,00
23 489,70 -166,00
28 711,70 -561,00
18 246,68 -59,00
16 313,47 -211,00
10 162,81 -9,00
58 897,38 -615,00
21 408,55 -260,00
11 177,46 -54,00
8 107,92 -57,00
19 505,16 -314,00
12 493,57 -405,00
14 252,23 -309,00
7 186,85 -7,00
17 587,56 -361,00
26 778,62 -17,00
6 142,80 -55,00
6 339,06 -105,00
7 98,02 -106,00
18 506,75 -312,00
7 179,40 -155,00
7 203,44 -56,00
6 166,95 -105,00
24 662,66 -366,00
22 563,94 -611,00
23 328,07 -110,00
18 432,77 -313,00
11 101,95 -110,00
22 459,96 -153,00
17 301,40 -158,00
9 328,06 -206,00
10 309,34 -158,00
8 208,47 -107,00
8 303,21 -205,00
9 192,81 -8,00
21 653,26 -414,00
7 267,17 -7,00
6 177,59 -105,00
35 843,72 -454,00
15 322,20 -260,00
7 176,84 -106,00
10 328,42 -109,00
17 396,89 -311,00
12 295,34 -160,00
11 528,97 -208,00
13 239,19 -161,00
7 166,43 -106,00
11 311,69 -159,00
9 170,31 -108,00
51 882,63 -322,00
81 1449,49 -463,00
9 280,65 -157,00
8 345,64 -107,00
94 1827,25 -1066,00
20 278,81 -111,00
10 302,30 -202,00
7 303,52 -155,00
12 314,69 -55,00
24 607,96 -106,00
9 190,69 -157,00
7 172,91 -56,00
7 315,23 -155,00
7 246,35 -106,00
6 87,65 -154,00
15 318,77 -261,00
9 241,58 -108,00
29 649,29 -363,00
9 383,25 -206,00
11 335,20 -156,00
17 284,99 -106,00
9 330,82 -206,00
6 334,22 -203,00
5 66,31 -5,00
47 1139,32 -520,00
9 142,87 -8,00
18 470,20 -157,00
11 106,46 -11,00
15 479,24 -261,00
17 287,27 -66,00
8 265,06 -156,00
18 835,55 -411,00
15 311,63 -212,00
6 188,63 -154,00
9 237,17 -108,00
10 234,53 -158,00
20 199,76 -156,00
12 439,39 -160,00
47 1412,94 -1311,00
7 145,97 -56,00
14 347,49 -260,00
9 246,09 -206,00
10 60,01 -109,00
8 396,98 -156,00
9 238,78 -57,00
27 381,27 -117,00
57 777,65 -217,00
12 253,80 -160,00
24 677,45 -311,00
11 264,06 -208,00
61 1195,27 -1123,00
11 393,64 -208,00
5 100,99 -5,00
26 448,82 -161,00
15 306,15 -162,00
9 269,72 -304,00
15 315,60 -303,00
54 1104,83 -478,00
17 516,39 -213,00
26 875,45 -265,00
19 449,25 -262,00
29 758,37 -604,00
8 60,66 -3,00
14 391,16 -251,00
10 392,79 -152,00
34 751,36 -115,00
41 784,25 -465,00
31 846,04 -602,00
8 214,51 -105,00
34 622,60 -307,00
6 143,69 -101,00
15 353,63 -6,00
22 289,41 -111,00
14 221,76 -52,00
33 547,15 -160,00
18 267,37 -252,00
10 148,32 -53,00
24 508,59 -457,00
40 807,62 -257,00
9 166,01 -101,00
9 263,91 -102,00
16 374,08 -252,00
54 1215,51 -563,00
27 655,52 -602,00
8 225,20 -101,00
53 772,85 -416,00
11 123,56 -3,00
12 404,06 -301,00
28 1067,76 -314,00
31 745,48 -400,00
10 164,84 -104,00
15 389,63 -56,00
5 64,63 -100,00
9 213,68 -53,00
8 175,07 -53,00
10 455,40 -201,00
6 148,30 -2,00
45 1056,12 -520,00
7 107,31 -151,00
12 438,58 -156,00
8 382,94 -201,00
21 495,98 -303,00
9 274,50 -4,00
10 141,90 -4,00
13 491,67 -351,00
21 429,79 -109,00
7 193,43 -150,00
36 1010,82 -608,00
14 244,51 -52,00
7 365,10 -200,00
14 340,66 -150,00
32 815,63 -257,00
6 229,21 -200,00
8 42,73 -1,00
27 643,13 -391,00
33 917,34 -657,00
15 166,85 -106,00
9 223,66 -152,00
27 701,49 -302,00
12 310,91 -251,00
24 325,81 -112,00
16 362,89 -102,00
14 493,10 -54,00
16 354,42 -107,00
14 325,14 -105,00
11 252,79 -154,00
6 138,98 -102,00
12 115,31 -3,00
9 240,78 -105,00
7 171,28 -52,00
40 631,86 -108,00
9 183,81 -102,00
15 207,65 -98,00
14 617,60 -295,00
30 668,16 -456,00
33 648,45 -165,00
13 252,51 -54,00
27 434,75 -161,00
87 2501,18 -1668,00
14 343,75 -157,00
40 763,73 -455,00
11 355,58 -250,00
9 192,08 -7,00
13 307,73 -100,00
23 597,83 -556,00
35 638,10 -468,00
14 426,41 -404,00
5 115,62 -101,00
13 339,43 -107,00
6 50,17 -2,00
7 310,91 -151,00
8 383,60 -202,00
8 157,91 -152,00
16 631,99 -204,00
8 208,05 -103,00
8 55,70 -1,00
26 382,77 -213,00
5 35,80 -2,00
15 271,45 -155,00
24 368,98 -155,00
40 1289,02 -673,00
28 581,18 -315,00
10 465,04 -58,00
7 191,43 -56,00
12 294,69 -257,00
13 302,16 -158,00
22 296,61 -158,00
24 352,58 -13,00
23 576,93 -410,00
15 413,63 -206,00
14 297,94 -210,00
9 149,36 -8,00
9 385,80 -157,00
11 278,77 -106,00
15 614,14 -260,00
28 670,34 -508,00
11 230,64 -109,00
9 313,43 -108,00
13 298,45 -154,00
13 270,34 -6,00
36 684,55 -262,00
15 122,07 -56,00
10 133,88 -109,00
21 484,03 -108,00
14 301,31 -205,00
80 1628,31 -997,00
36 670,52 -368,00
10 262,27 -152,00
20 500,66 -310,00
20 240,96 -309,00
31 580,82 -663,00
16 485,51 -409,00
17 470,10 -311,00
28 659,65 -410,00
5 42,36 -5,00
15 332,28 -207,00
7 35,81 -7,00
21 274,09 -13,00
20 560,96 -309,00
13 399,02 -155,00
10 556,26 -206,00
12 260,08 -356,00
16 340,04 -208,00
12 349,43 -54,00
10 252,79 -205,00
5 74,90 -54,00
6 319,05 -6,00
29 492,68 -215,00
21 448,34 -158,00
60 994,57 -331,00
19 414,25 -14,00
5 169,92 -5,00
33 807,84 -616,00
47 963,26 -517,00
34 981,51 -616,00
17 492,25 -253,00
6 88,49 -105,00
8 157,73 -8,00
26 486,19 -263,00
5 165,93 -5,00
65 1284,90 -585,00
36 532,82 -213,00
20 394,31 -109,00
11 209,66 -109,00
14 252,47 -106,00
15 296,54 -60,00
31 587,61 -509,00
31 996,76 -468,00
69 1680,78 -1361,00
14 363,98 -358,00
5 139,69 -104,00
6 225,59 -105,00
36 784,24 -410,00
5 196,01 -104,00
41 1123,91 -668,00
7 342,93 -154,00
17 319,96 -213,00
15 350,18 -210,00
13 376,70 -210,00
24 279,72 -116,00
13 336,90 -259,00
6 56,02 -6,00
15 329,78 -157,00
21 421,72 -113,00
12 411,69 -155,00
11 338,10 -158,00
18 299,86 -58,00
13 355,58 -208,00
32 897,79 -504,00
13 298,66 -107,00
12 251,48 -154,00
13 263,14 -258,00
12 321,69 -61,00
13 517,65 -307,00
23 272,17 -115,00
21 729,49 -459,00
19 420,00 -60,00
13 386,95 -106,00
14 454,47 -254,00
9 85,00 -108,00
7 110,39 -56,00
16 296,62 -53,00
11 269,65 -200,00
7 172,51 -51,00
53 1240,01 -619,00
46 1301,95 -857,00
15 191,29 -53,00
10 206,72 -101,00
15 408,11 -52,00
20 532,69 0,00
32 527,04 -252,00
11 206,17 -104,00
32 632,53 -712,00
6 178,80 -151,00
19 411,72 -147,00
23 687,04 -212,00
25 683,65 -356,00
15 550,69 -205,00
8 203,52 -102,00
15 319,23 -152,00
38 774,64 -516,00
15 247,65 -248,00
23 648,85 -398,00
13 275,27 -197,00
20 376,15 -159,00
7 99,65 -2,00
11 101,07 -105,00
53 1199,55 -529,00
36 906,94 -499,00
7 178,96 -3,00
7 105,29 -2,00
13 326,91 -202,00
16 400,72 -100,00
7 66,02 -3,00
24 576,67 -349,00
37 797,56 -549,00
18 504,43 -400,00
16 386,16 -304,00
12 487,21 -302,00
34 949,27 -462,00
11 288,98 -152,00
15 342,05 -201,00
95 2583,38 -1091,00
20 454,37 -399,00
24 732,01 -310,00
21 402,95 -247,00
25 686,15 -457,00
26 376,00 -212,00
9 171,95 -202,00
15 287,87 -4,00
12 286,88 -97,00
9 156,36 -50,00
15 266,65 -54,00
8 263,87 -102,00
16 457,23 -292,00
22 302,69 -54,00
11 99,17 -1,00
6 159,81 -150,00
17 339,50 -13,00
15 303,38 -204,00
24 546,58 -304,00
17 342,02 -104,00
9 192,16 -151,00
15 501,29 -452,00
8 132,01 -3,00
17 488,87 -352,00
24 484,83 -256,00
28 590,12 -447,00
18 312,28 -53,00
17 440,53 -247,00
19 530,65 -302,00
7 24,44 -3,00
15 267,56 -106,00
6 221,79 -100,00
29 474,94 -310,00
28 475,41 -115,00
8 79,20 -4,00
8 148,44 -52,00
6 114,48 -3,00
28 669,80 -301,00
42 996,09 -609,00
18 458,97 -401,00
22 395,50 -109,00
20 453,91 -355,00
14 426,43 -101,00
18 733,69 -254,00
23 300,33 -61,00
41 809,08 -470,00
18 556,68 -253,00
10 555,46 -204,00
10 257,19 -106,00
17 444,32 -110,00
21 450,16 -157,00
25 469,83 -314,00
13 464,90 -255,00
5 58,41 -2,00
39 650,06 -209,00
6 100,57 -2,00
16 432,31 -149,00
10 118,24 -55,00
9 246,17 -153,00
4 58,61 -1,00
15 340,90 -257,00
7 184,91 -151,00
14 515,04 -151,00
5 85,31 -100,00
8 625,85 -203,00
7 168,45 -151,00
16 321,56 -304,00
9 113,68 -54,00
9 146,54 -53,00
16 458,44 -254,00
14 456,45 -405,00
21 259,66 -61,00
21 396,49 -197,00
33 969,42 -514,00
10 241,60 -151,00
11 313,67 -105,00
23 572,93 -352,00
12 211,22 -203,00
7 71,20 -3,00
19 461,27 -203,00
26 580,32 -104,00
24 608,06 -303,00
9 265,65 -150,00
7 144,55 -102,00
24 591,67 -310,00
16 320,12 -151,00
44 980,82 -469,00
30 480,37 -106,00
44 1042,28 -558,00
10 388,33 -152,00
30 561,74 -201,00
14 252,52 -46,00
7 386,43 -4,00
18 510,10 -352,00
16 381,66 -297,00
27 664,24 -408,00
33 427,21 -197,00
21 413,54 -152,00
12 184,68 -98,00
30 644,10 -398,00
7 253,18 -101,00
16 596,54 -399,00
26 679,36 -361,00
49 1030,38 -657,00
40 1226,47 -755,00
22 342,06 -162,00
16 505,67 -404,00
17 515,70 -249,00
53 1373,19 -670,00
26 703,93 -350,00
12 376,71 -254,00
6 36,03 -1,00
13 207,18 -3,00
30 738,64 -605,00
20 698,28 -397,00
13 341,09 -102,00
11 179,99 -2,00
13 327,48 -205,00
13 259,55 -154,00
20 498,84 -403,00
17 320,40 -56,00
9 256,64 -301,00
11 246,16 -48,00
11 145,40 -5,00
10 271,57 -296,00
61 1539,62 -765,00
7 121,20 -1,00
13 152,03 -54,00
61 968,10 -533,00
16 473,63 -352,00
19 475,41 -246,00
12 384,14 -199,00
8 261,76 -51,00
12 158,83 -7,00
43 686,96 -506,00
10 194,20 -151,00
13 319,05 -352,00
23 223,77 -105,00
20 402,07 -203,00
18 329,58 -201,00
11 142,18 -155,00
15 225,34 -257,00
11 64,55 -5,00
20 451,11 -206,00
18 372,25 -354,00
6 118,31 -51,00
36 639,73 -401,00
7 157,57 -52,00
19 606,58 -503,00
12 373,78 -202,00
10 314,05 -103,00
19 355,68 -52,00
7 194,38 -3,00
19 472,87 -211,00
9 484,48 -153,00
24 436,90 -158,00
9 317,46 -201,00
16 605,18 -156,00
16 384,68 -104,00
9 261,22 -202,00
9 441,81 -103,00
17 435,14 -306,00
18 514,03 -210,00
7 73,25 -53,00
7 159,51 -102,00
10 104,88 -4,00
9 123,14 -102,00
22 747,18 -558,00
32 872,90 -508,00
13 359,23 -108,00
33 909,70 -452,00
13 386,51 -256,00
12 470,79 -154,00
7 129,97 -103,00
23 323,74 -161,00
15 156,93 -153,00
16 458,78 -204,00
13 388,16 -7,00
11 336,52 -303,00
33 881,91 -607,00
19 799,25 -454,00
15 347,90 -56,00
9 127,31 -104,00
18 438,64 -61,00
9 168,41 -3,00
8 73,38 -3,00
7 250,90 -102,00
10 90,21 -105,00
8 309,41 -203,00
50 1009,52 -514,00
17 350,80 -159,00
6 197,14 -2,00
10 186,92 -98,00
6 58,46 -4,00
20 439,03 -207,00
10 198,30 -7,00
13 319,40 -354,00
12 256,97 -10,00
8 255,30 -252,00
8 236,14 -104,00
5 99,83 -101,00
13 253,62 -106,00
8 164,31 -103,00
11 285,12 -55,00
14 258,27 -53,00
8 105,43 -103,00
44 740,50 -216,00
9 178,36 -154,00
36 724,18 -617,00
17 301,08 -203,00
13 210,31 -10,00
20 416,33 -351,00
12 193,25 -2,00
17 528,68 -500,00
21 455,43 -104,00
22 475,14 -256,00
8 181,22 -4,00
14 189,55 -107,00
8 129,88 -101,00
9 170,90 -104,00
18 321,40 -309,00
39 911,29 -512,00
13 283,24 -108,00
9 180,95 -53,00
8 182,26 -102,00
8 220,50 -102,00
17 317,02 -204,00
15 210,03 0,00
28 502,68 -317,00
13 311,52 -301,00
9 209,85 -202,00
17 196,46 -1,00
11 248,38 -57,00
10 194,28 -102,00
10 105,94 -56,00
13 325,54 -201,00
11 367,02 -8,00
7 212,83 -103,00
20 247,87 -152,00
10 145,13 -6,00
20 233,73 -110,00
8 405,98 -251,00
16 417,61 -307,00
22 452,27 -14,00
10 117,82 -54,00
33 568,03 -211,00
10 276,48 -102,00
17 183,44 -110,00
13 371,21 -101,00
12 473,61 -252,00
13 153,66 -51,00
39 821,73 -406,00
17 492,44 -156,00
14 332,60 -156,00
7 173,62 -102,00
28 419,41 -267,00
11 271,10 -3,00
19 241,80 1,00
10 112,12 -101,00
19 431,12 -347,00
15 365,19 -253,00
12 395,82 -298,00
10 130,99 -3,00
18 208,05 -106,00
35 1008,17 -651,00
7 210,12 -1,00
15 356,61 -4,00
16 234,92 -5,00
13 252,19 -54,00
15 322,71 -250,00
20 570,50 -155,00
11 199,71 -52,00
31 706,12 -358,00
41 728,97 -297,00
21 492,37 -210,00
25 1118,57 -502,00
7 186,36 -102,00
8 235,06 -101,00
37 864,97 -164,00
19 353,68 -150,00
10 253,55 -49,00
9 182,19 -201,00
12 368,92 -202,00
33 979,00 -412,00
23 684,58 -505,00
19 552,13 -348,00
6 220,10 -200,00
12 213,15 -102,00
20 464,28 -348,00
41 987,88 -406,00
18 639,68 -257,00
7 206,19 -200,00
20 457,41 -355,00
30 708,56 -115,00
35 912,90 -661,00
16 387,53 -257,00
11 225,77 -104,00
27 535,77 -161,00
9 243,64 -4,00
7 246,32 -3,00
14 329,98 -55,00
13 405,56 -202,00
15 156,20 -106,00
17 336,85 -150,00
42 1031,73 -267,00
21 482,37 -248,00
51 1023,09 -558,00
35 808,08 -359,00
41 585,75 -348,00
19 716,75 -255,00
24 334,72 -158,00
11 309,74 -198,00
19 285,74 -54,00
20 461,79 -362,00
22 341,48 -196,00
10 102,12 -2,00
64 1462,55 -456,00
19 455,72 -299,00
30 454,09 -114,00
22 467,95 -100,00
26 679,36 -50,00
20 359,48 -107,00
27 521,94 -256,00
24 344,31 -56,00
59 1123,37 -905,00
18 519,54 -349,00
16 339,69 -397,00
6 92,34 -51,00
25 595,48 -251,00
15 492,84 -299,00
16 461,92 -352,00
8 78,04 -103,00
51 852,82 -219,00
17 601,10 -308,00
36 897,25 -507,00
30 579,07 -313,00
29 990,93 -501,00
10 471,78 -248,00
56 1293,65 -671,00
30 596,92 -507,00
13 405,88 -199,00
41 1138,75 -750,00
16 290,79 -248,00
7 283,77 -3,00
25 771,17 -450,00
7 44,16 -2,00
8 131,44 -53,00
11 247,93 -102,00
7 109,01 -2,00
32 477,00 -315,00
11 240,83 -251,00
11 243,55 -56,00
14 533,76 -206,00
12 342,27 -251,00
31 523,28 -205,00
29 681,61 -510,00
33 742,36 -359,00
14 401,64 -154,00
17 428,43 -299,00
15 266,19 -310,00
12 221,96 -159,00
19 270,06 -111,00
22 384,61 -213,00
22 687,86 -660,00
13 250,99 -210,00
10 202,77 -158,00
15 225,89 -155,00
5 13,62 -5,00
12 320,62 -306,00
34 508,97 -267,00
16 677,82 -211,00
15 432,65 -212,00
14 478,61 -308,00
21 631,44 -559,00
11 299,14 -206,00
7 108,01 -155,00
34 750,76 -607,00
25 646,88 -314,00
6 90,07 -55,00
15 520,98 -109,00
11 199,09 -207,00
10 197,45 -108,00
41 734,03 -417,00
8 95,00 -57,00
10 170,28 -157,00
26 471,06 -365,00
8 77,67 -57,00
5 30,97 -5,00
18 386,46 -313,00
13 353,98 -209,00
27 386,86 -59,00
13 229,43 -157,00
18 698,29 -408,00
17 406,25 -60,00
19 334,51 -312,00
12 338,34 -160,00
11 254,76 -306,00
6 206,72 -154,00
29 769,71 -514,00
8 381,61 -254,00
8 246,05 -107,00
9 296,11 -108,00
19 434,98 -203,00
12 326,57 -207,00
59 1130,00 -472,00
6 52,05 -6,00
39 877,53 -368,00
8 323,43 -156,00
43 885,92 -277,00
22 574,43 -12,00
16 181,76 -159,00
8 313,66 -56,00
17 197,68 -60,00
22 1047,70 -562,00
11 395,93 -159,00
14 635,42 -206,00
19 696,00 -210,00
11 95,76 -6,00
19 441,43 -208,00
26 940,53 -260,00
8 432,91 -254,00
15 208,14 -64,00
13 115,07 -62,00
15 330,80 -212,00
34 641,83 -224,00
26 441,01 -116,00
26 569,23 -267,00
11 280,71 -106,00
27 507,90 -213,00
56 843,00 -361,00
79 1543,59 -1048,00
21 631,85 -462,00
95 2213,79 -935,00
27 448,10 -20,00
13 148,07 -106,00
27 430,17 -370,00
7 333,43 -155,00
4 18,82 -4,00
5 433,01 -5,00
8 205,04 -254,00
7 135,32 -7,00
19 673,40 -506,00
11 277,02 -306,00
26 530,53 -399,00
5 42,15 -5,00
12 423,62 -209,00
7 91,23 -7,00
9 194,89 -58,00
36 738,81 -418,00
16 442,85 -310,00
10 322,10 -256,00
9 124,71 -108,00
13 234,14 -207,00
7 248,10 -154,00
10 238,70 -157,00
19 480,28 -259,00
13 155,13 -62,00
11 320,90 -208,00
8 309,82 -156,00
49 969,46 -380,00
20 295,01 -159,00
23 409,12 -211,00
31 787,68 -406,00
10 210,95 -10,00
20 503,74 -264,00
30 574,87 -455,00
10 404,95 -207,00
20 452,50 -112,00
9 207,76 -9,00
8 416,56 -205,00
12 353,68 -111,00
27 666,21 -364,00
7 128,99 -154,00
11 261,90 -157,00
15 625,65 -257,00
11 276,30 -208,00
24 514,38 -357,00
6 160,11 -105,00
19 542,37 -510,00
14 355,32 -14,00
12 195,51 -7,00
13 153,80 -106,00
10 254,78 -54,00
31 559,95 -316,00
17 536,68 -253,00
13 332,19 -109,00
9 99,51 -7,00
11 114,51 -57,00
25 507,61 -511,00
23 472,70 -268,00
20 563,01 -462,00
16 536,44 -310,00
27 349,26 -68,00
15 392,46 -63,00
11 252,49 -256,00
30 689,31 -207,00
10 202,22 -108,00
6 173,69 -105,00
24 752,55 -509,00
23 512,45 -214,00
9 162,68 -8,00
21 377,86 -305,00
85 1978,84 -982,00
12 349,88 -110,00
20 237,02 -55,00
13 316,46 -152,00
12 405,24 -12,00
34 627,39 -367,00
11 404,23 -201,00
4 110,79 -103,00
6 155,52 -154,00
5 116,08 -104,00
19 384,94 -259,00
5 136,54 -53,00
12 177,34 -58,00
10 83,63 -5,00
8 250,26 -155,00
10 227,99 -10,00
10 193,44 -106,00
8 141,39 -106,00
7 89,35 -106,00
9 169,19 -9,00
9 95,46 -9,00
30 794,85 -467,00
10 145,21 -58,00
18 174,03 -55,00
53 908,66 -331,00
12 231,21 -111,00
27 746,06 -509,00
11 236,45 -11,00
21 496,08 -257,00
9 167,51 -157,00
16 483,83 -160,00
7 201,09 -56,00
106 2045,25 -1148,00
14 356,31 -307,00
14 318,49 -161,00
19 467,41 -261,00
6 162,28 -105,00
41 875,79 -367,00
16 155,72 -8,00
53 1189,47 -724,00
26 598,76 -211,00
14 391,59 -206,00
16 428,79 -299,00
13 362,45 -254,00
11 267,55 -159,00
10 272,12 -158,00
14 803,28 -252,00
8 218,37 -204,00
17 430,57 -410,00
10 149,83 -54,00
18 286,10 -13,00
36 818,66 -520,00
10 401,86 -103,00
24 375,26 -118,00
14 230,48 -157,00
13 275,52 -55,00
25 603,83 -214,00
9 277,17 -107,00
23 362,10 -22,00
14 286,58 -12,00
10 208,32 -108,00
13 286,11 -11,00
12 380,44 -159,00
7 316,39 -55,00
8 77,18 -6,00
12 153,13 -102,00
18 480,80 -212,00
12 231,68 -150,00
11 360,84 -205,00
6 87,39 -104,00
10 94,67 -2,00
8 379,27 -7,00
6 180,62 -55,00
14 474,76 -356,00
57 1075,89 -522,00
33 763,50 -610,00
22 538,59 -168,00
21 726,25 -161,00
13 156,60 -110,00
13 286,38 -153,00
13 113,59 -54,00
29 401,52 -165,00
30 814,85 -908,00
21 457,72 -212,00
66 1543,18 -812,00
20 214,86 -2,00
15 404,55 -152,00
9 279,65 -205,00
15 456,87 -259,00
27 698,20 -506,00
6 86,46 -5,00
13 319,94 -203,00
17 239,66 -211,00
15 336,68 -252,00
26 442,55 -406,00
26 560,36 -408,00
10 160,63 -6,00
27 678,59 -216,00
13 312,78 -156,00
16 513,52 -261,00
14 114,65 -8,00
23 506,00 -407,00
5 128,24 -3,00
38 757,57 -417,00
35 804,14 -550,00
8 332,01 -155,00
16 301,28 -50,00
44 1217,38 -805,00
23 534,35 -599,00
9 95,42 -156,00
17 417,29 -347,00
11 276,89 -153,00
8 201,52 -104,00
7 105,19 -5,00
4 80,07 -103,00
10 148,53 -106,00
28 650,98 -514,00
7 111,10 -103,00
26 553,05 -454,00
8 124,91 -104,00
17 367,34 -302,00
34 839,27 -170,00
13 165,38 -102,00
84 1685,25 -740,00
14 363,71 -105,00
21 385,01 -306,00
18 410,29 -203,00
9 146,23 -53,00
36 577,12 -164,00
24 540,69 -306,00
9 150,42 -203,00
14 290,92 -154,00
19 480,37 -262,00
39 856,80 -358,00
36 744,10 -456,00
61 1199,78 -319,00
20 295,97 -199,00
24 540,57 -154,00
21 473,42 -257,00
45 868,56 -220,00
67 1592,56 -1175,00
13 258,75 -209,00
22 588,31 -507,00
8 162,55 -102,00
30 666,84 -451,00
22 467,65 -248,00
10 326,92 -205,00
9 78,27 -57,00
16 426,81 -155,00
32 802,37 -506,00
12 147,54 -11,00
11 323,68 -149,00
58 1370,86 -515,00
34 612,00 -353,00
20 724,85 -252,00
10 250,98 -57,00
21 635,66 -362,00
16 412,25 -260,00
8 244,51 -106,00
12 414,17 -257,00
10 355,42 -157,00
37 1072,41 -670,00
19 504,61 -257,00
24 394,96 -211,00
22 280,45 -151,00
13 288,01 -210,00
25 677,12 -214,00
20 426,16 -1,00
63 1382,64 -660,00
7 360,27 -106,00
57 1043,74 -512,00
28 649,71 -299,00
11 493,75 -257,00
41 1126,58 -817,00
30 652,69 -400,00
91 1752,40 -993,00
19 571,99 -111,00
8 382,22 -205,00
29 558,11 -308,00
9 293,97 -107,00
38 1033,69 -458,00
29 444,49 -9,00
8 249,00 -156,00
21 303,31 -259,00
20 457,44 -361,00
77 1907,59 -837,00
10 410,03 -158,00
8 321,00 -107,00
17 392,91 -162,00
32 672,16 -164,00
79 1532,16 -772,00
15 423,84 -305,00
16 291,21 -199,00
48 972,45 -320,00
57 1295,15 -765,00
5 268,86 -104,00
17 434,27 -409,00
36 836,23 -469,00
23 261,04 -109,00
20 376,05 -108,00
32 808,65 -306,00
10 203,37 -156,00
7 149,59 -104,00
5 167,33 -104,00
15 333,26 -260,00
30 682,49 -313,00
16 525,73 -359,00
22 393,37 -102,00
6 261,59 -154,00
8 205,88 -107,00
9 465,54 -206,00
14 413,56 -211,00
16 420,23 -207,00
19 245,64 -104,00
13 230,29 -103,00
12 184,12 -154,00
6 172,88 -5,00
6 87,95 -105,00
28 565,43 -317,00
8 60,89 -107,00
21 558,37 -365,00
37 965,64 -467,00
7 144,94 -204,00
33 398,86 -127,00
11 514,14 -205,00
6 186,69 -105,00
10 211,47 -106,00
4 13,64 -103,00
10 224,54 -206,00
10 136,37 -10,00
59 1183,06 -461,00
7 274,20 -106,00
12 264,04 -109,00
28 807,08 -455,00
54 1260,93 -672,00
12 275,57 -307,00
10 845,91 -256,00
21 634,93 -506,00
17 303,88 -303,00
76 880,74 -263,00
12 198,27 -158,00
14 344,28 -7,00
5 190,79 -5,00
12 396,58 -199,00
40 932,27 -467,00
7 163,60 -105,00
5 90,48 -104,00
29 815,82 -653,00
14 382,25 -209,00
9 202,84 -105,00
6 113,40 -154,00
8 408,91 -254,00
17 471,19 -148,00
29 722,67 -661,00
6 192,55 -105,00
15 672,24 -157,00
11 503,25 -201,00
25 726,42 -255,00
12 183,02 -60,00
9 174,77 -104,00
61 1923,61 -666,00
13 384,50 -203,00
80 2480,24 -1282,00
31 374,50 -213,00
47 1118,89 -628,00
14 250,42 -158,00
23 680,79 -205,00
18 371,98 -56,00
12 346,21 -153,00
17 312,68 -157,00
15 419,44 -206,00
13 258,40 -258,00
7 158,87 -106,00
20 402,67 -261,00
16 541,48 -159,00
12 403,76 -307,00
18 695,97 -304,00
9 230,82 -107,00
14 352,20 -155,00
27 705,96 -560,00
19 450,19 -209,00
28 676,75 -359,00
16 399,21 -204,00
19 648,63 -305,00
11 366,35 -255,00
11 317,12 -108,00
49 872,00 -565,00
23 614,76 -359,00
7 165,34 -103,00
5 35,08 -5,00
8 144,21 -55,00
52 1076,76 -765,00
26 537,29 -359,00
8 175,51 -204,00
20 538,64 -360,00
13 531,23 -259,00
27 967,01 -610,00
7 415,61 -204,00
24 542,18 -266,00
23 635,45 -313,00
17 375,68 -211,00
15 427,44 -106,00
19 348,82 -159,00
15 291,98 -163,00
10 264,02 -203,00
16 489,98 -106,00
18 407,29 -161,00
45 1242,76 -1013,00
29 416,91 -269,00
6 140,70 -104,00
15 305,78 -200,00
17 474,55 -356,00
14 442,08 -208,00
10 139,61 -54,00
35 629,05 -356,00
40 889,09 -261,00
21 479,24 -159,00
15 475,21 -209,00
20 381,34 -208,00
30 632,91 -221,00
16 464,01 -360,00
24 587,07 -166,00
8 75,31 -107,00
43 1067,08 -907,00
10 262,80 -108,00
8 106,32 -105,00
18 588,88 -159,00
4 107,05 -103,00
17 504,59 -257,00
37 727,28 -357,00
25 535,56 -214,00
11 253,81 -158,00
28 660,24 -452,00
14 252,02 -154,00
29 434,65 -109,00
15 537,86 -260,00
36 1319,29 -864,00
25 448,51 -207,00
37 609,20 -362,00
20 392,90 -254,00
5 287,35 -4,00
15 446,53 -108,00
13 273,67 -259,00
15 446,59 -163,00
33 934,24 -661,00
16 335,29 -212,00
14 424,76 -211,00
25 785,99 -559,00
19 598,99 -208,00
15 227,96 -57,00
57 1117,38 -373,00
9 232,18 -206,00
5 179,25 -104,00
33 1044,88 -561,00
13 319,80 -60,00
23 454,29 -210,00
34 690,87 -308,00
10 202,11 -51,00
22 550,17 -409,00
9 216,17 -108,00
17 732,10 -164,00
11 391,25 -159,00
6 113,56 -154,00
32 1151,31 -367,00
9 323,11 -157,00
56 1245,08 -584,00
56 971,67 -234,00
23 1390,63 -558,00
36 830,52 -265,00
75 1699,70 -543,00
24 499,00 -356,00
36 973,23 -223,00
10 157,71 -54,00
6 162,50 -105,00
14 320,61 -61,00
9 182,86 -108,00
8 246,01 -57,00
10 110,71 -3,00
9 17,16 -9,00
14 206,57 -57,00
22 460,80 -312,00
28 707,57 -455,00
56 1233,61 -586,00
12 290,28 -155,00
15 375,14 -303,00
6 171,39 -154,00
25 466,04 -357,00
18 349,40 -306,00
27 791,93 -359,00
9 148,25 -9,00
12 218,07 -307,00
9 78,55 -7,00
14 341,47 -157,00
31 470,99 -370,00
9 258,56 -58,00
10 273,94 -9,00
7 111,96 -105,00
29 837,46 -263,00
11 479,82 -11,00
42 1324,89 -665,00
5 118,57 -104,00
24 801,71 -363,00
13 565,47 -259,00
15 237,65 -112,00
41 995,18 -965,00
36 881,82 -373,00
10 355,76 -59,00
15 524,72 -310,00
18 424,23 -160,00
62 907,80 -624,00
11 131,56 -110,00
20 662,23 -310,00
9 143,31 -157,00
31 548,64 -266,00
17 1164,42 -453,00
46 1007,61 -704,00
19 627,02 -559,00
19 262,38 -13,00
57 1551,24 -1119,00
6 131,17 -55,00
24 405,42 -19,00
23 850,87 -264,00
11 565,59 -355,00
30 863,35 -614,00
17 481,74 -214,00
27 690,86 -267,00
20 304,03 -254,00
7 346,30 -155,00
20 361,48 -209,00
12 389,51 -6,00
9 291,48 -205,00
9 234,57 -107,00
15 154,23 -57,00
15 194,31 -108,00
28 544,38 -417,00
10 154,04 -107,00
13 228,90 -156,00
34 773,66 -318,00
13 145,89 -210,00
13 188,18 -61,00
31 570,44 -221,00
27 522,56 -170,00
50 802,11 -417,00
16 231,16 -163,00
26 308,81 -221,00
48 1431,77 -669,00
49 710,13 -236,00
14 152,27 -112,00
57 1503,02 -577,00
8 131,47 -106,00
7 93,81 -106,00
6 235,89 -203,00
8 303,89 -106,00
9 190,55 -157,00
39 1075,11 -966,00
9 353,89 -304,00
17 303,98 -312,00
19 651,99 -307,00
26 663,90 -117,00
8 181,45 -105,00
16 516,76 -109,00
9 165,32 -157,00
13 163,31 -106,00
12 231,64 -160,00
19 499,08 -608,00
24 228,11 -162,00
9 232,40 -157,00
12 492,36 -258,00
7 261,84 -7,00
19 783,92 -313,00
15 128,77 -54,00
12 506,58 -256,00
5 132,95 -104,00
10 189,99 -158,00
7 259,27 -204,00
42 575,89 -276,00
14 564,48 -258,00
9 357,38 -57,00
12 363,56 -160,00
7 220,43 -7,00
9 310,37 -255,00
32 807,80 -216,00
13 161,34 -8,00
7 117,16 -105,00
8 405,14 -107,00
20 563,75 -256,00
12 420,27 -110,00
9 257,14 -255,00
12 188,97 -104,00
10 160,55 -53,00
48 1289,25 -920,00
16 708,08 -257,00
9 123,88 -53,00
14 279,41 -8,00
6 544,63 -154,00
7 300,67 -56,00
23 455,62 -258,00
20 350,86 -266,00
28 547,30 -308,00
8 622,41 -156,00
14 215,95 -55,00
18 281,18 -212,00
13 335,23 -8,00
19 408,44 -265,00
13 402,16 -161,00
18 797,98 -261,00
22 245,62 -66,00
30 464,73 -213,00
8 202,14 -8,00
25 1041,37 -412,00
39 723,20 -313,00
10 231,23 -103,00
11 467,58 -208,00
21 304,14 -206,00
42 673,46 -413,00
13 199,18 -108,00
11 309,11 -257,00
8 305,04 -205,00
8 243,81 -106,00
10 267,26 -109,00
12 140,26 -109,00
35 710,73 -323,00
16 305,17 -111,00
39 669,08 -465,00
14 168,22 -107,00
31 668,59 -566,00
25 535,37 -360,00
23 496,53 -364,00
18 519,10 -13,00
17 583,83 -508,00
21 489,99 -65,00
31 1320,32 -508,00
12 528,80 -404,00
20 792,75 -560,00
7 351,72 -106,00
12 369,66 -106,00
15 336,11 -255,00
35 825,86 -323,00
9 210,52 -56,00
11 401,11 -257,00
8 149,85 -107,00
14 412,36 -107,00
10 271,82 -198,00
8 400,91 -254,00
21 471,42 -160,00
10 178,29 -5,00
7 79,58 -7,00
16 384,44 -409,00
18 538,42 -308,00
5 177,42 -104,00
8 526,78 -107,00
28 985,00 -610,00
15 682,10 -113,00
4 155,61 -103,00
40 958,79 -416,00
7 157,23 -106,00
8 339,24 -107,00
22 799,91 -355,00
26 470,31 -156,00
25 719,96 -403,00
34 648,79 -210,00
14 159,98 -106,00
8 187,23 -2,00
10 125,65 -152,00
52 1120,18 -402,00
26 720,41 -406,00
15 286,50 -254,00
12 136,01 -149,00
14 403,34 -204,00
28 631,13 -409,00
15 263,27 -2,00
37 675,85 -659,00
7 383,13 -52,00
9 215,25 -4,00
24 558,61 -259,00
13 482,34 -250,00
20 445,49 -157,00
18 342,33 -55,00
8 437,53 -151,00
9 161,65 -201,00
13 326,89 -297,00
9 378,71 -152,00
12 300,04 -149,00
19 468,37 -155,00
14 475,88 -254,00
11 474,63 -104,00
30 480,47 -112,00
59 1258,27 -755,00
19 836,24 -457,00
31 644,48 -461,00
25 597,84 -307,00
41 999,41 -806,00
17 371,95 -307,00
16 332,30 -252,00
20 221,95 -152,00
8 365,48 -101,00
10 385,85 -104,00
19 279,93 -162,00
15 130,91 -107,00
32 810,95 -507,00
8 389,93 -52,00
22 676,79 -455,00
24 524,16 -458,00
16 686,93 -6,00
10 634,20 -154,00
24 514,18 -157,00
15 400,77 -303,00
24 684,46 -409,00
42 834,76 -568,00
13 306,91 -302,00
66 938,28 -430,00
7 247,47 -52,00
10 319,74 -5,00
23 798,99 -254,00
39 848,67 -559,00
6 219,21 -2,00
12 595,24 -98,00
11 418,67 -201,00
22 551,35 -255,00
15 530,25 -103,00
12 382,62 -248,00
29 623,96 -166,00
37 1132,45 -450,00
27 1019,20 -558,00
23 280,97 -106,00
9 177,83 -102,00
41 847,02 -350,00
14 520,33 -149,00
29 425,86 -403,00
45 1393,63 -604,00
33 707,84 -415,00
12 168,89 -148,00
73 1986,35 -1157,00
8 157,68 -103,00
14 219,62 -4,00
21 393,50 -60,00
5 40,35 -100,00
16 487,72 -155,00
16 307,44 -302,00
14 191,92 -207,00
24 512,33 -401,00
50 719,38 -370,00
42 1005,51 -113,00
13 329,37 -354,00
10 144,43 -51,00
11 274,07 -151,00
10 182,50 -152,00
35 1025,93 -512,00
21 412,48 -346,00
14 419,74 -246,00
26 697,84 -403,00
47 876,16 -857,00
48 997,71 -404,00
72 1748,40 -1110,00
8 139,86 -3,00
11 133,92 -101,00
12 184,51 -99,00
12 293,34 -203,00
21 428,75 -359,00
7 217,28 -105,00
13 211,78 -106,00
12 388,08 -154,00
17 696,43 -403,00
16 386,59 -256,00
14 375,50 -103,00
24 708,17 -465,00
21 620,00 -110,00
42 768,76 -571,00
25 572,95 -164,00
15 213,00 -106,00
12 230,36 -104,00
86 1616,57 -583,00
82 2053,25 -1166,00
15 414,52 -255,00
13 221,13 -111,00
9 189,77 -9,00
78 1877,60 -1329,00
30 855,84 -319,00
13 313,65 -8,00
14 431,33 -105,00
5 82,86 -5,00
27 474,90 -164,00
22 538,83 -163,00
13 245,17 -109,00
30 724,01 -205,00
7 90,01 -7,00
11 126,18 -11,00
19 481,25 -253,00
5 66,31 -54,00
33 594,18 -106,00
29 621,80 -361,00
49 925,99 -367,00
26 589,80 -68,00
10 199,30 -108,00
8 213,84 -155,00
41 785,14 -374,00
0 0,00 0,00
