100 17
102,25 0,85 43,64 -1,44 -53,60 -5,34 -124,09 -134,13 -83,06 -1,96 -19,68 -67,50 -83,51 -63,50 -3,75 -7,20 -125,36 
121,30 1,42 -0,07 -2,39 -166,93 -13,53 -15,30 -9,90 -103,71 -59,50 -94,24 -18,46 -92,55 -89,98 -83,39 -99,23 -149,98 
4,16 1,09 104,12 -1,04 -2,28 -98,08 -1,77 -81,08 -6,44 -6,94 -28,33 -73,10 -98,71 -3,33 -83,66 -93,95 -86,89 
2,08 3,26 100,81 -87,08 -6,04 -79,05 -161,41 -106,92 -52,26 -9,42 -93,15 -101,46 -94,84 -84,94 -53,29 -64,14 -101,59 
-172,10 52,41 -180,66 -88,92 -193,93 -170,14 -162,58 -193,01 -211,76 -188,19 -173,72 -166,55 -251,87 -172,39 -105,57 -231,12 -86,65 
-158,41 -150,66 -156,91 -182,26 -155,18 -223,52 -174,59 -158,55 -145,13 -146,63 -251,81 -152,56 -184,33 -146,91 -143,48 -221,81 -186,84 
-206,21 -197,44 -207,48 -155,67 -181,38 -191,58 -190,25 -172,77 -189,16 -98,05 -198,59 -103,54 -175,55 -191,41 -246,71 -114,51 -194,95 
-94,01 -115,77 -147,31 -224,93 -27,11 -66,55 0,00 -4,46 -0,69 0,00 0,00 0,00 0,00 -18,41 0,00 0,00 0,00 
-74,53 -64,93 -19,94 -31,27 -90,00 -25,08 -93,32 -11,18 -83,04 -140,06 -103,69 -90,15 -92,04 -9,75 -90,02 -77,92 98,69 
-191,74 -211,53 -208,32 -187,71 -157,60 -187,41 -175,23 -169,13 -219,66 -58,02 -172,12 -206,31 -159,93 -167,84 -156,64 -174,61 -170,78 
32,73 219,28 6,34 24,62 12,26 18,70 23,54 52,42 61,22 45,02 26,22 -57,98 -42,37 -32,72 4,83 -39,11 -17,26 
1,80 161,64 1,64 16,30 0,21 1,92 14,88 27,61 12,50 -114,78 27,97 -15,30 10,18 -78,91 -57,53 -91,66 -75,36 
107,60 5,54 20,84 10,36 50,24 35,68 47,43 1,30 -58,65 -1,92 36,10 -29,81 -50,36 -42,82 -48,00 -53,65 -114,04 
36,89 11,13 86,81 0,03 4,46 23,71 -1,63 -9,33 -22,93 -25,78 -32,54 -56,94 -10,97 -30,15 -127,10 -68,66 -56,16 
-13,55 81,79 -124,20 -155,50 -12,88 2,89 -8,12 -115,11 -107,69 -83,61 -139,29 -115,82 -136,14 -115,34 -130,42 -15,36 -20,55 
-132,63 -170,05 -211,91 -218,86 -212,69 -166,66 -190,39 -194,17 -207,51 -186,01 -207,76 -185,13 -150,96 -135,55 -194,52 -169,32 169,38 
-65,23 -68,46 -65,96 -15,08 -34,05 -65,61 -61,93 -32,21 -64,90 -151,49 -47,85 -0,99 -30,98 50,94 62,10 58,14 238,92 
-42,03 -80,16 -82,15 -16,53 -69,51 -63,59 -46,12 -42,92 -30,38 -20,20 -89,22 -20,76 -62,52 29,19 39,81 211,35 56,75 
-74,09 -68,96 -67,65 -78,27 -0,77 -2,85 -27,72 -31,87 -39,75 -61,38 -65,08 53,00 -71,66 1,32 208,99 0,31 1,13 
-46,24 -37,37 -118,50 -108,49 -22,90 -38,83 -96,06 -88,09 3,48 -69,83 -64,47 6,00 -32,53 31,47 1,51 0,61 229,16 
69,69 82,93 217,94 33,86 75,38 75,83 82,56 91,42 45,50 77,79 60,26 64,31 14,94 58,71 -12,58 -58,72 -29,82 
50,28 24,01 10,19 47,83 55,62 31,00 165,70 67,33 55,03 10,63 22,12 0,33 20,79 8,19 -16,31 -18,69 -29,58 
222,46 77,98 85,81 69,81 18,69 74,11 50,74 102,01 41,57 68,19 12,16 49,93 -2,62 15,56 13,71 -4,05 1,49 
160,32 53,77 43,68 80,17 25,87 20,33 71,68 10,48 19,24 10,52 8,71 11,83 31,05 26,26 2,52 -14,09 0,27 
0,33 -54,53 88,03 -53,41 -74,71 -85,60 -16,76 -45,76 -0,93 -1,17 -10,79 -48,08 -0,79 -13,58 0,00 0,00 0,00 
-111,46 -82,44 -124,02 -108,94 -134,42 -133,17 12,12 -26,98 -66,35 -60,06 -79,85 -115,00 -84,89 -61,33 14,53 179,60 -108,02 
-45,53 -41,03 -59,31 -67,19 0,23 -39,16 56,65 60,07 75,32 84,68 37,35 88,64 34,53 74,79 39,94 71,31 210,62 
-18,35 27,49 -55,54 8,93 12,04 59,52 -20,98 -30,82 4,62 85,63 84,37 34,05 203,99 94,30 135,10 86,27 91,26 
-92,94 -66,11 -43,44 -54,95 52,77 -9,18 62,42 -71,41 35,06 17,35 -0,87 23,42 22,57 19,91 1,86 214,74 43,20 
-45,74 16,13 9,93 -6,93 -45,63 -40,28 -16,46 -26,55 66,17 79,54 76,31 98,87 17,29 80,01 218,47 80,64 51,63 
51,01 87,35 91,63 195,60 47,95 87,56 54,60 56,50 66,59 66,10 86,19 109,11 93,49 99,19 14,08 46,13 -3,65 
96,39 92,92 85,76 223,11 73,47 105,27 79,72 76,80 53,21 91,59 65,85 77,39 87,12 92,53 83,32 83,78 -2,22 
87,14 29,16 68,86 35,57 195,23 6,01 22,49 68,95 82,86 19,58 85,34 14,76 37,08 52,18 2,09 33,79 11,41 
19,78 68,49 0,24 94,12 114,31 -0,21 0,31 5,60 53,72 -0,98 6,51 13,50 63,71 28,69 20,43 19,63 25,77 
0,00 0,00 0,00 0,00 0,00 0,00 0,00 0,00 0,00 0,00 0,00 0,00 0,00 0,00 0,00 0,00 0,00 
-54,13 -130,99 -70,43 -93,29 -80,01 -44,86 -78,83 -4,83 -76,38 -29,31 -74,70 -14,30 -2,73 -43,54 -2,37 -0,39 172,85 
-70,63 -89,75 38,00 24,06 73,79 -79,37 -14,24 80,54 73,55 210,35 42,68 84,67 37,44 27,56 66,89 29,69 36,34 
41,34 18,62 12,65 83,90 27,20 84,72 84,53 85,42 77,43 112,42 91,18 82,95 51,75 85,71 41,52 205,16 160,56 
54,53 24,17 5,44 62,16 96,33 105,27 87,76 127,03 87,83 102,21 208,35 77,25 118,70 112,23 75,30 153,73 86,78 
-43,98 -52,56 -43,74 -11,46 35,60 34,56 47,77 42,70 88,35 29,63 84,31 31,44 135,83 73,32 52,59 25,54 189,41 
84,96 85,02 51,47 79,86 83,17 71,32 180,10 86,53 67,85 49,05 66,14 36,72 58,17 18,93 64,91 51,48 -70,81 
119,87 107,67 110,72 197,80 95,14 131,16 138,99 101,63 91,73 100,40 87,31 120,32 109,06 88,48 88,80 90,98 89,31 
198,49 85,13 130,79 96,97 98,79 81,28 90,91 84,42 87,98 81,95 97,74 98,55 95,42 93,36 79,40 80,33 101,53 
237,31 1,39 57,33 -40,84 14,18 69,80 14,06 17,63 42,52 40,73 22,86 0,66 59,10 1,56 2,25 2,13 -33,57 
0,00 0,00 0,00 0,00 0,00 0,00 0,00 0,00 0,00 0,00 0,00 0,00 0,00 0,00 0,00 0,00 0,00 
0,00 0,00 0,00 0,00 78,44 0,00 0,00 0,00 0,00 0,00 0,00 9,75 0,00 0,00 0,00 0,00 0,00 
-12,59 53,65 29,03 214,84 26,66 64,22 25,94 73,12 50,80 31,08 51,95 76,22 75,51 50,42 13,30 42,67 8,94 
49,41 83,66 87,48 85,58 23,27 18,97 83,44 73,01 85,26 80,60 81,79 85,24 86,42 40,91 83,33 86,17 207,20 
62,48 108,44 89,02 73,35 91,66 95,84 90,24 103,68 93,07 113,70 198,44 91,14 104,04 117,33 91,30 106,80 100,67 
-44,62 -88,18 -51,04 -74,70 74,11 54,25 79,63 -32,83 -14,92 13,63 16,92 2,07 86,18 86,16 209,03 81,27 77,53 
35,04 18,91 175,38 19,98 48,66 34,66 7,48 38,17 42,95 22,71 -0,54 5,99 29,74 28,72 -9,52 25,15 -124,03 
101,27 112,50 183,31 201,63 182,74 121,40 99,41 144,14 106,84 91,89 98,27 117,71 107,19 93,41 112,26 79,73 87,80 
124,70 112,70 205,69 114,59 128,02 106,27 135,62 166,27 145,34 177,08 139,18 114,53 106,12 105,02 82,86 86,65 96,50 
-0,04 17,08 -63,94 22,89 -83,15 237,41 17,87 3,29 38,54 18,45 0,00 62,64 57,51 0,93 24,95 0,00 0,00 
0,00 0,00 0,00 0,00 0,00 0,00 0,00 0,00 0,00 0,00 0,00 0,00 0,00 0,00 0,00 0,00 0,00 
0,00 0,00 0,00 0,00 48,28 0,00 0,00 0,00 0,00 0,00 0,00 0,00 0,00 0,00 0,00 0,00 0,00 
52,83 7,64 22,21 1,66 -0,67 4,72 105,69 49,21 34,34 1,71 30,06 194,37 52,41 4,53 16,39 18,47 19,45 
78,88 63,08 49,69 29,87 -0,25 66,15 -0,15 212,51 -0,16 -0,05 80,20 2,29 32,04 12,37 33,54 69,54 42,42 
58,67 112,38 91,23 132,84 93,17 93,84 109,85 91,05 98,49 93,55 127,65 92,14 93,59 92,17 201,94 93,74 92,84 
-89,91 4,02 -88,77 -4,97 -60,61 22,53 -2,01 33,27 221,27 0,23 2,00 -1,10 1,88 0,08 13,32 20,08 1,05 
2,07 -0,66 0,65 24,79 67,45 13,28 215,56 26,79 18,59 12,85 102,22 16,73 19,88 -0,44 -36,98 -79,61 0,53 
134,05 208,17 119,84 106,94 104,27 189,70 158,61 133,63 147,89 153,46 106,51 91,64 110,91 110,99 95,78 117,34 104,83 
99,42 105,40 153,79 121,32 130,93 102,40 101,06 102,28 165,35 141,67 123,17 197,96 99,24 105,59 101,06 96,99 101,45 
-98,96 -77,66 0,00 0,00 0,00 0,00 0,00 0,00 0,00 0,00 0,00 0,00 14,99 0,00 0,00 181,35 0,00 
0,00 0,00 0,00 0,00 0,00 0,00 0,00 0,00 0,00 0,00 0,00 0,00 0,00 0,00 0,00 0,00 0,00 
0,00 0,00 0,00 0,00 0,00 0,00 1,18 0,00 0,00 0,00 0,00 0,00 0,00 0,00 0,00 0,00 0,00 
2,18 5,17 2,24 31,37 29,49 23,46 2,56 42,72 124,42 3,08 48,97 5,28 3,49 36,28 13,15 13,13 3,16 
83,13 76,68 210,86 43,82 68,18 74,83 45,73 75,90 4,42 77,02 101,24 80,89 87,70 48,76 53,40 76,29 62,65 
39,55 31,85 80,64 83,95 89,36 90,27 132,20 90,49 78,16 89,63 89,69 104,76 89,37 201,28 67,04 118,39 97,13 
-72,54 -2,77 -92,03 -76,37 -1,34 -77,52 -0,94 -1,55 0,00 35,46 116,01 0,00 0,00 0,00 0,00 0,00 0,00 
248,18 33,88 -0,52 4,40 8,36 11,77 28,36 -2,09 -2,23 34,74 7,89 -1,33 1,36 0,38 35,78 20,01 -10,36 
92,75 143,17 91,31 93,32 116,04 66,94 93,55 193,60 105,04 107,86 98,95 62,70 107,53 106,67 93,50 93,68 102,74 
93,69 139,62 101,83 99,59 91,75 160,88 102,75 117,79 84,75 92,14 139,50 90,34 205,90 93,98 113,58 127,06 154,42 
27,15 -62,79 31,32 0,71 53,93 60,12 -3,52 17,34 6,95 18,04 201,80 -53,48 22,57 2,36 2,01 18,37 -0,27 
0,00 0,00 0,00 43,66 0,00 0,00 0,00 0,00 0,00 0,00 0,00 0,00 0,00 0,00 0,00 0,00 0,00 
0,00 0,00 0,00 0,00 0,00 0,00 0,00 0,00 0,00 0,00 0,00 0,00 0,00 40,90 0,00 0,00 0,00 
-0,09 -91,98 -66,55 -74,26 -2,50 20,76 159,00 3,86 16,28 56,75 18,74 -2,44 0,90 2,52 44,20 37,67 40,45 
68,68 62,67 89,16 80,23 80,38 80,94 89,42 80,80 85,09 24,71 73,79 80,99 91,85 80,87 208,19 81,53 75,22 
-2,20 -15,35 -15,16 88,79 94,79 36,84 86,16 53,69 89,97 80,06 83,89 88,49 206,26 74,82 73,18 55,07 89,97 
-6,57 -98,56 -71,15 0,00 0,00 130,57 0,00 0,00 0,00 0,00 0,00 0,00 0,00 0,00 0,00 10,47 0,00 
164,54 47,79 -1,41 0,00 0,00 0,00 0,00 0,00 0,00 0,00 0,00 0,00 0,00 0,00 0,00 0,00 0,00 
221,96 80,67 74,13 84,02 88,80 89,21 60,90 59,56 84,12 50,90 82,38 62,22 25,50 79,82 3,58 81,07 32,04 
91,94 180,87 202,79 89,94 85,19 88,03 103,20 107,08 88,55 84,57 97,64 94,97 103,29 119,94 97,51 74,00 112,70 
92,28 63,04 96,57 33,10 194,78 94,52 88,15 11,13 97,49 89,45 105,36 33,26 70,54 106,75 62,33 57,24 84,87 
-6,05 88,84 52,32 1,16 55,65 -35,40 95,21 -27,67 59,51 90,05 74,49 37,66 -17,17 62,01 37,67 236,01 2,06 
31,01 38,36 36,96 24,22 2,99 91,92 100,78 41,06 55,17 126,71 50,51 246,88 85,57 51,81 88,08 97,57 48,49 
9,71 56,11 28,34 6,01 -0,20 44,20 48,82 54,65 224,46 26,68 81,73 19,33 55,98 21,20 116,23 105,04 87,07 
80,56 65,03 7,30 24,25 88,89 50,21 77,44 98,76 90,14 86,27 57,21 15,10 76,22 210,68 121,51 107,19 94,68 
-89,67 -93,79 -96,77 8,61 -39,42 31,98 52,58 -54,76 34,38 222,20 4,22 61,50 11,03 44,28 3,37 121,34 -0,29 
-4,92 0,00 0,00 0,00 0,00 0,00 0,00 0,00 0,00 0,00 0,00 0,00 0,00 0,00 0,00 0,00 0,00 
0,00 0,00 0,00 0,00 0,00 0,00 0,00 0,00 0,00 0,00 0,00 0,00 0,00 0,00 0,00 0,00 0,00 
64,84 89,91 23,57 17,52 42,66 13,77 265,55 17,32 83,91 40,61 31,12 93,21 13,58 -22,70 -26,16 -45,16 -3,47 
88,71 96,93 92,28 195,75 91,64 87,99 159,77 155,25 100,42 88,92 93,55 105,68 100,78 102,79 87,97 90,55 82,10 
96,51 122,41 213,22 179,55 141,29 148,47 105,07 127,36 106,15 168,11 179,89 127,16 178,70 90,77 103,51 138,86 86,71 
132,21 134,43 92,31 180,48 211,14 148,09 180,31 104,51 179,91 133,40 165,98 108,38 104,56 104,44 180,60 109,74 88,69 
104,61 213,08 97,01 90,34 163,58 133,02 96,50 101,26 113,58 132,36 98,13 92,47 106,93 180,29 183,13 105,76 112,37 
102,23 172,54 102,09 102,27 100,97 123,03 100,15 135,39 87,67 144,58 92,55 121,34 90,39 95,28 87,25 92,51 210,13 
79,61 125,76 106,07 80,83 97,51 90,83 86,80 74,03 87,01 132,99 96,03 164,61 86,88 100,45 112,35 216,46 108,06 
-90,40 -5,71 -23,09 45,01 -53,70 -57,69 20,72 -16,97 23,30 -16,27 -0,32 64,73 20,44 220,64 66,51 18,92 75,94 
0,00 0,00 0,00 0,00 0,00 0,00 0,00 0,00 0,00 0,00 0,00 0,00 0,00 0,00 0,00 0,00 0,00 
