49 5
-320,10 -314,02 -352,77 -167,62 -354,03 
-269,34 -190,74 -288,54 -300,17 -296,00 
-234,61 -172,66 -146,68 -323,79 -242,64 
-427,30 -423,20 -434,55 -509,39 -221,49 
-315,72 -311,29 -347,13 -277,21 -184,62 
-236,83 -279,26 -312,67 -251,61 -338,87 
-335,97 -271,25 -295,08 -263,89 -165,81 
-147,75 -293,16 -313,04 -211,36 -196,63 
-180,01 -148,26 -230,33 -311,79 -214,67 
-328,92 -326,23 -229,41 -197,73 -338,43 
-337,40 -275,99 -392,19 -425,09 -346,84 
-246,57 -250,09 -260,74 -298,22 -361,92 
-155,21 -208,27 -192,80 -220,06 -203,18 
-207,30 -209,05 -190,05 -211,91 -213,14 
-162,50 -223,37 -288,98 -159,19 -207,85 
-222,71 -183,88 -151,27 -225,42 -210,71 
-195,78 -269,24 -177,87 -245,36 -229,94 
-271,12 -257,34 -281,73 -298,01 -374,49 
-222,01 -211,09 -173,43 -185,15 -205,41 
-202,68 -162,52 -243,39 -194,93 -268,84 
-141,85 -179,55 -230,88 -211,25 -205,73 
-203,97 -155,68 -200,77 -154,60 -252,23 
-214,30 -205,50 -231,07 -197,42 -171,97 
-265,47 -225,62 -214,48 -214,86 -236,78 
-319,66 -262,20 -251,56 -322,63 -281,86 
-165,37 -173,26 -149,14 -149,09 -168,33 
-196,08 -165,35 -181,01 -174,09 -185,98 
-256,94 -257,81 -194,71 -139,59 -180,68 
-200,92 -209,34 -195,54 -184,57 -211,00 
-161,40 -229,18 -180,76 -176,07 -184,24 
-225,46 -194,34 -161,08 -199,57 -251,92 
-221,45 -191,75 -221,04 -263,79 -216,07 
-199,16 -222,85 -196,73 -216,92 -195,99 
-166,17 -206,94 -286,53 -145,68 -192,62 
-202,20 -193,65 -143,87 -199,22 -242,20 
-151,39 -152,77 -148,28 -216,73 -155,46 
-223,36 -180,07 -190,54 -171,35 -141,06 
-179,73 -176,62 -207,40 -149,43 -197,28 
-177,29 -175,15 -177,77 -182,20 -175,32 
-182,48 -184,71 -166,10 -180,51 -186,71 
-156,75 -171,78 -198,69 -174,58 -170,11 
-210,77 -157,97 -172,85 -276,61 -181,15 
-166,66 -226,22 -192,42 -137,27 -206,24 
-174,11 -174,14 -151,23 -129,91 -171,57 
-182,03 -182,57 -178,07 -130,10 -148,00 
-174,06 -147,89 -145,69 -207,87 -174,61 
-192,07 -177,13 -158,00 -145,87 -178,68 
-171,53 -159,00 -168,22 -195,45 -148,97 
-222,61 -273,41 -260,91 -369,91 -332,62 
